25
26
37
38
74
75
195
196
197
210
211
212
330
331
332
333
334
335
366
367
368
369
370
371
372
373
374
378
379
380
399
400
401
402
448
449
523
526
577
606
689
907
908
939
940
953
954
982
983
998
1001
1004
1016
1017
1048
1055
1056
1078
1079
1100
1125
1126
1127
1128
1146
1167
1168
1181
1196
1208
1231
1232
1235
1236
1243
1266
1267
1276
1279
1280
1286
1302
1303
1304
1317
1334
1350
1351
1359
1360
1374
1375
1409
1413
1452
1453
1454
1455
1495
1498
1510
1511
1516
1517
1541
1542
1550
1608
1609
1614
1615
1624
1625
1626
1702
1727
1728
1733
1734
1740
1741
1744
1745
1769
1770
1775
1776
1792
1793
1820
1834
1844
1845
1850
1851
1886
1887
1910
1946
1947
1953
1954
1957
1958
1959
1960
1961
1962
1983
1998
1999
2000
2019
2020
2021
2036
2037
2038
2039
2042
2043
2056
2118
2154
2162
2171
2172
2212
2213
2214
2215
2224
2225
2226
2227
2251
2265
2266
2279
2317
2318
2325
2326
2337
2341
2366
2367
2392
2402
2403
2404
2405
2406
2407
2408
2409
2416
2417
2418
2424
2425
2445
2453
2454
2487
2494
2495
2506
2507
2511
2515
2541
2542
2571
2579
2580
2581
2582
2602
2636
2637
2652
2653
2656
2657
2662
2663
2674
2678
2680
2741
2752
2753
2754
2755
2818
2819
2820
2821
2843
2850
2856
2860
2861
2877
2879
2889
2890
2908
2917
2918
2919
2920
2980
2983
2987
3013
3014
3015
3016
3034
3038
3069
3070
3071
3072
3077
3078
3079
3080
3099
3103
3180
3186
3187
3196
3197
3215
3228
3229
3230
3231
3240
3241
3242
3243
3252
3253
3254
3255
3256
3257
3258
3259
3271
3284
3286
3290
3356
3357
3358
3359
3380
3381
3382
3383
3395
3396
3406
3409
3410
3423
3429
3439
3440
3446
3458
3463
3464
3465
3466
3471
3472
3473
3474
3479
3480
3481
3482
3517
3518
3519
3520
3523
3525
3526
3539
3540
3541
3542
3547
3548
3549
3550
3563
3564
3565
3566
3571
3572
3573
3574
3582
3599
3600
3601
3602
3615
3616
3617
3618
3623
3624
3625
3626
3639
3645
3662
3663
3664
3668
3669
3670
3674
3675
3676
3680
3681
3682
3686
3687
3688
3692
3693
3694
3698
3699
3700
3704
3705
3706
3710
3711
3712
3716
3717
3718
3722
3723
3724
3727
3729
3730
3731
3732
3733
3771
3785
3786
3792
3798
3809
3810
3811
3812
3817
3818
3819
3820
3826
3827
3828
3837
3838
3839
3840
3855
3863
3864
3865
3866
3871
3872
3880
3881
3882
3883
3884
3893
3894
3895
3896
3905
3906
3907
3908
3909
3910
3911
3912
3921
3922
3923
3924
3930
3945
3946
3947
3948
3977
3978
3979
3980
3982
3985
3991
4002
4003
4011
4017
4165
4168
4197
4198
4200
4201
4206
4257
4260
4263
4269
4272
4273
4274
4275
4293
4294
4295
4296
4304
4321
4322
4323
4324
4329
4330
4331
4332
4337
4338
4339
4340
4358
4360
4364
4365
4367
4370
4435
4438
4444
4445
4450
4451
4454
4455
4466
4471
4474
4493
4494
4495
4496
4554
4555
4556
4557
4562
4563
4564
4565
4567
4578
4579
4580
4581
4586
4587
4588
4589
4618
4619
4620
4621
4629
4630
4632
4636
4667
4668
4669
4670
4695
4696
4717
4718
4719
4720
4758
4759
4760
4761
4762
4808
4809
4810
4811
4848
4852
4858
4901
4908
4911
4920
4921
4924
4925
4928
4929
4947
5018
5019
5020
5021
5022
5023
5024
5025
5039
5044
5067
5068
5069
5070
5097
5098
5099
5105
5109
5118
5121
5131
5132
5133
5134
5154
5160
5169
5170
5171
5172
5185
5206
5276
5277
5278
5279
5284
5285
5286
5287
5288
5289
5290
5291
5296
5300
5377
5390
5391
5414
5422
5427
5428
5429
5430
5443
5444
5445
5446
5461
5478
5479
5480
5481
5498
5499
5500
5501
5526
5527
5528
5529
5545
5546
5550
5569
5570
5571
5572
5595
5596
5618
5619
5622
5623
5644
5694
5706
5715
5716
5717
5718
5719
5720
5721
5722
5747
5748
5749
5750
5755
5756
5757
5758
5777
5785
5789
5815
5862
5863
5864
5865
6054
6063
6077
6086
6087
6106
6109
6157
6181
6182
6183
6184
6185
6186
6187
6188
6205
6206
6207
6208
6221
6222
6223
6224
6237
6238
6239
6240
6245
6249
6255
6268
6269
6270
6271
6272
6273
6274
6312
6313
6361
6362
6363
6364
6394
6407
6408
6409
6410
6427
6428
6429
6430
6459
6460
6461
6462
6467
6470
6473
6474
6477
6567
6580
6581
6598
6605
6616
6617
6618
6619
6628
6629
6630
6631
6652
6685
6686
6687
6688
6721
6722
6723
6724
6745
6747
6748
6751
6798
6799
6806
6807
6810
6819
6829
6857
6870
6871
6872
6873
6890
6891
6892
6893
6910
6916
7003
7013
7037
7041
7075
7080
7091
7094
7097
7102
7116
7119
7140
7151
7184
7185
7186
7187
7188
7189
7190
7191
7199
7206
7245
7246
7247
7248
7281
7282
7283
7284
7292
7300
7328
7333
7338
7354
7358
7359
7373
7393
7394
7405
7419
7459
7462
7538
7539
7540
7541
7556
7557
7562
7593
7604
7614
7633
7634
7649
7655
7685
7686
7687
7688
7695
7700
7714
7715
7716
7717
7738
7739
7740
7741
7782
7783
7784
7785
7791
7804
7817
7818
7819
7820
7872
7884
7885
7886
7887
7921
7928
7993
7994
7995
7996
8005
8006
8007
8008
8015
8020
8105
8117
8123
8132
8133
8144
8152
8192
8193
8194
8195
8203
8233
8234
8235
8236
8281
8282
8283
8284
8285
8286
8287
8288
8301
8303
8304
8329
8335
8337
8338
8342
8345
8347
8350
8351
8355
8356
8357
8358
8361
8380
8381
8446
8458
8469
8470
8471
8472
8513
8514
8515
8516
8533
8534
8535
8536
8537
8538
8539
8540
8542
8550
8572
8573
8574
8595
8606
8638
8641
8686
8691
8693
8704
8705
8706
8707
8724
8725
8726
8727
8732
8733
8734
8735
8752
8753
8754
8755
8772
8773
8774
8775
8776
8777
8778
8779
8796
8797
8798
8799
8804
8805
8806
8807
8816
8817
8820
8821
8822
8823
8825
8862
8866
8885
8886
8895
8939
8956
8957
8981
9030
9067
9068
9069
9070
9120
9123
9157
9159
9180
9181
9182
9189
9224
9282
9293
9294
9295
9296
9321
9322
9323
9324
9337
9338
9339
9340
9366
9369
9378
9401
9435
9447
9495
9502
9503
9516
9527
9530
9579
9582
9609
9610
9611
9612
9666
9676
9711
9712
9739
9740
9745
9752
9973
9974
9975
9976
9992
9995
10001
10004
10015
10016
10017
10018
10047
10076
10077
10078
10079
10092
10093
10094
10095
10124
10125
10126
10127
10137
10145
10147
10152
10153
10154
10155
10245
10246
10247
10248
10287
10288
10289
10290
10316
10319
10328
10329
10330
10331
10364
10365
10366
10367
10372
10373
10374
10375
10419
10422
10427
10428
10429
10430
10435
10436
10437
10438
10446
10453
10456
10504
10505
10529
10566
10567
10568
10569
10577
10607
10608
10609
10610
10623
10624
10625
10626
10647
10648
10649
10650
10673
10675
10676
10694
10695
10696
10697
10743
10749
10756
10757
10758
10759
10775
10787
10790
10791
10792
10793
10830
10836
10839
10840
10841
10842
10883
10884
10885
10886
10927
10933
11350
11351
11358
11359
11428
11464
11465
11466
11467
11476
11477
11478
11479
11513
11514
11515
11516
11533
11534
11535
11536
11569
11570
11571
11572
11585
11596
11597
11598
11599
11634
11637
11640
11642
11646
11710
11718
11719
11723
11742
11743
11820
11847
11848
11849
11850
11903
11904
11905
11906
11907
11908
11909
11910
11920
11924
11947
11957
11963
12021
12022
12027
12028
12047
12053
12057
12060
12061
12062
12063
12068
12069
12070
12071
12094
12099
12103
12118
12119
12120
12121
12154
12155
12156
12157
12217
12218
12219
12220
12227
12230
12236
12269
12289
12290
12291
12292
12305
12326
12331
12336
12355
12356
12357
12358
12386
12390
12394
12481
12485
12510
12511
12512
12513
12583
12593
12606
12607
12634
12638
12645
12646
12647
12648
12673
12674
12675
12676
12732
12733
12734
12735
12785
12789
12812
12833
12846
12847
12854
12868
12872
12875
12876
12877
12878
12961
12962
12963
12964
13009
13016
13018
13073
13074
13075
13076
13083
13085
13087
13088
13093
13109
13110
13125
13128
13199
13200
13203
13204
13225
13228
13229
13230
13231
13271
13282
13283
13284
13285
13314
13315
13316
13317
13322
13323
13324
13325
13346
13347
13348
13349
13362
13404
13413
13440
13441
13462
13473
13474
13475
13476
13489
13490
13491
13492
13508
13513
13521
13528
13529
13530
13531
13600
13601
13602
13603
13610
13612
13779
13782
13815
13824
13825
13856
13860
13867
13868
13869
13870
13917
13918
13919
13920
13949
13950
13951
13952
13985
13986
13987
13988
13994
13999
14038
14041
14046
14083
14096
14097
14118
14122
14126
14176
14239
14240
14241
14242
14255
14256
14257
14258
14262
14263
14264
14269
14274
14345
14347
14370
14371
14399
14433
14434
14435
14436
14449
14452
14456
14463
14464
14465
14466
14467
14468
14469
14470
14519
14520
14521
14522
14527
14528
14529
14530
14535
14536
14537
14538
14547
14548
14616
14617
14635
14646
14665
14666
14683
14691
14702
14703
14704
14705
14734
14780
14781
14782
14783
14800
14801
14802
14803
14825
14832
14835
14837
14913
14947
14955
14969
14970
14990
15040
15043
15054
15055
15056
15057
15078
15079
15080
15081
15094
15095
15096
15097
15131
15139
15142
15352
15369
15372
15373
15396
15397
15413
15420
15431
15432
15433
15434
15439
15440
15441
15442
15463
15477
15478
15479
15480
15501
15502
15503
15504
15517
15518
15519
15520
15533
15534
15535
15536
15554
15561
15581
15582
15583
15584
15597
15600
15601
15625
15626
15631
15632
15651
15659
15666
15667
15668
15669
15670
15671
15672
15673
15716
15717
15718
15719
15740
15741
15742
15743
15748
15749
15750
15751
15772
15773
15774
15775
15797
15804
15810
15911
15938
16034
16040
16051
16052
16053
16054
16095
16096
16097
16098
16132
16187
16226
16227
16254
16261
16262
16263
16264
16281
16282
16283
16284
16296
16304
16351
16352
16353
16354
16375
16376
16377
16378
16400
16418
16443
16475
16476
16485
16499
16514
16515
16516
16517
16522
16523
16524
16525
16534
16535
16536
16537
16545
16546
16553
16560
16561
16562
16563
16572
16573
16574
16575
16641
16644
16647
16657
16711
16719
16722
16729
16744
16745
16760
16764
16775
16776
16777
16778
16787
16788
16789
16790
16829
16830
16831
16832
16912
16949
16951
16955
16969
16980
16981
17000
17004
17019
17020
17021
17022
17051
17054
17069
17070
17071
17072
17089
17090
17091
17092
17133
17134
17135
17136
17146
17150
17189
17200
17207
17247
17248
17312
17362
17377
17378
17379
17380
17454
17457
17467
17469
17484
17516
17523
17550
17551
17552
17553
17565
17566
17573
17600
17601
17602
17603
17612
17613
17614
17615
17652
17653
17654
17655
17657
17664
17724
17726
17728
17731
17733
17802
17803
17804
17805
17848
17849
17850
17851
17852
17853
17854
17855
17892
17893
17894
17895
17936
17939
17956
17988
18026
18027
18030
18031
18046
18065
18066
18067
18068
18097
18104
18143
18144
18145
18146
18155
18156
18157
18158
18188
18195
18224
18258
18259
18279
18297
18298
18299
18300
18449
18462
18464
18487
18505
18510
18511
18516
18517
18544
18551
18552
18553
18554
18555
18556
18557
18558
18601
18602
18603
18604
18605
18606
18607
18608
18633
18634
18635
18636
18645
18646
18647
18648
18669
18670
18671
18672
18673
18674
18675
18676
18686
18688
18691
18692
18695
18698
18699
18722
18794
18795
18809
18814
18833
18834
18835
18836
18868
18883
18884
18885
18886
18923
18924
18925
18926
19001
19003
19064
19068
19083
19084
19085
19086
19103
19104
19105
19106
19122
19173
19174
19175
19176
19177
19178
19179
19180
19201
19202
19203
19204
19207
19245
19248
19285
19360
19361
19362
19363
19383
19387
19430
19431
19432
19433
19454
19455
19456
19457
19475
19482
19506
19563
19569
19583
19585
19591
19603
19605
19635
19636
19724
19725
19726
19727
19752
19753
19754
19755
19788
19789
19790
19791
19797
19820
19821
19822
19823
19828
19833
19855
19893
19904
19905
19906
19907
19930
19936
19939
19954
19955
19956
19957
19970
19971
19972
19973
20018
20019
20020
20021
20031
20033
20041
20049
20074
20086
20219
20227
20238
20239
20240
20241
20246
20247
20248
20249
20278
20279
20280
20281
20302
20303
20304
20305
20318
20338
20339
20340
20341
20369
20388
20403
20404
20527
20528
20529
20530
20555
20556
20557
20558
20573
20580
20590
20604
20934
20964
20979
20980
20981
20982
21014
21022
21041
21042
21043
21044
21061
21062
21063
21064
21085
21086
21087
21088
21097
21098
21099
21100
21139
21152
21154
21160
21178
21183
21184
21329
21330
21331
21332
21341
21342
21343
21344
21345
21346
21347
21348
21360
21361
21391
21395
21401
21407
21415
21474
21477
21480
21482
21639
21640
21641
21642
21651
21652
21653
21654
21663
21664
21665
21666
21679
21723
21935
21938
22222
