4
5
6
7
8
9
10
11
12
13
14
15
41
42
48
64
65
66
67
68
70
71
72
73
76
77
92
103
104
105
106
107
186
187
188
189
190
191
192
193
194
375
376
377
381
382
383
384
385
386
452
453
454
455
501
502
503
504
505
506
508
511
514
516
521
524
527
530
893
911
912
913
914
915
916
917
918
919
920
921
922
923
924
925
926
934
955
958
1020
1021
1043
1044
1045
1046
1047
1048
1137
1138
1139
1140
1141
1142
1143
1144
1145
1146
1147
1148
1149
1150
1151
1152
1153
1154
1155
1156
1180
1218
1219
1274
1275
1307
1310
1311
1382
1383
1384
1385
1386
1387
1388
1389
1390
1391
1392
1393
1477
1478
1526
1527
1565
1578
1579
1580
1581
1582
1583
1584
1585
1586
1587
1588
1589
1590
1591
1592
1593
1635
1636
1655
1656
1657
1658
1659
1660
1661
1662
1663
1664
1669
1670
1671
1672
1673
1674
1675
1676
1677
1678
1679
1680
1682
1683
1684
1685
1686
1687
1688
1689
1690
1691
1692
1719
1720
1729
1730
1735
1736
1754
1755
1756
1757
1777
1778
1794
1795
1798
1817
1818
1825
1826
1836
1837
1855
1867
1868
1902
1903
1905
1906
1933
1983
1993
2011
2012
2048
2049
2050
2051
2053
2061
2083
2084
2109
2110
2121
2127
2130
2131
2132
2155
2156
2157
2158
2159
2160
2161
2163
2164
2165
2244
2245
2246
2247
2248
2249
2250
2252
2253
2254
2255
2259
2260
2261
2262
2263
2264
2267
2273
2280
2281
2302
2303
2329
2330
2351
2352
2376
2377
2406
2407
2429
2433
2439
2440
2442
2449
2450
2455
2456
2457
2458
2459
2460
2461
2462
2463
2464
2465
2466
2467
2468
2469
2470
2471
2472
2473
2474
2475
2476
2477
2478
2508
2509
2528
2529
2555
2556
2583
2584
2585
2586
2640
2641
2642
2643
2668
2669
2675
2733
2734
2790
2857
2859
2864
2865
2873
2897
2898
2902
2903
2905
2969
2970
2980
2984
3039
3040
3092
3127
3128
3135
3136
3142
3143
3163
3164
3166
3200
3201
3205
3206
3211
3212
3272
3273
3283
3342
3343
3423
3443
3444
3448
3449
3454
3511
3512
3522
3538
3585
3586
3787
3788
3789
3790
3794
3795
3800
3857
3858
3868
3871
3931
3932
4182
4183
4186
4187
4191
4192
4194
4245
4246
4256
4260
4263
4307
4308
4379
4380
4381
4382
4383
4384
4391
4432
4435
4458
4459
4462
4463
4467
4468
4471
4473
4514
4515
4526
4528
4572
4573
4656
4664
4681
4682
4686
4687
4690
4735
4747
4794
4795
4880
4883
4892
4898
4907
4918
4919
4932
4933
4937
4938
4941
4986
4987
4997
5001
5034
5035
5036
5037
5045
5046
5120
5137
5138
5145
5146
5150
5151
5157
5195
5196
5202
5231
5232
5233
5234
5242
5243
5305
5319
5320
5321
5322
5369
5380
5381
5386
5387
5394
5395
5399
5400
5406
5420
5421
5456
5466
5467
5544
5605
5610
5616
5617
5630
5631
5635
5636
5642
5653
5654
5685
5699
5700
5830
5831
5832
5833
5834
5835
5836
5837
6052
6069
6074
6080
6081
6094
6095
6099
6100
6116
6117
6162
6163
6244
6291
6293
6296
6302
6303
6316
6317
6321
6322
6325
6327
6338
6339
6370
6374
6384
6385
6464
6471
6490
6491
6492
6493
6559
6564
6570
6571
6584
6585
6589
6590
6593
6595
6606
6607
6645
6655
6656
6739
6794
6795
6800
6801
6804
6805
6821
6826
6832
6833
6846
6847
6851
6852
6855
6868
6869
6903
6917
6918
7001
7034
7077
7082
7085
7099
7104
7111
7122
7123
7136
7137
7141
7142
7145
7158
7159
7194
7197
7207
7208
7291
7297
7324
7342
7376
7381
7387
7388
7401
7402
7406
7407
7412
7423
7424
7472
7473
7589
7610
7612
7617
7623
7624
7637
7638
7642
7643
7646
7659
7660
7698
7708
7709
7835
7840
7846
7847
7860
7861
7865
7866
7869
7882
7883
7918
7931
7932
8014
8058
8109
8115
8120
8126
8127
8140
8141
8145
8146
8149
8162
8163
8198
8201
8211
8212
8295
8363
8368
8371
8374
8375
8388
8389
8393
8394
8397
8400
8410
8411
8459
8460
8543
8587
8598
8603
8609
8610
8623
8624
8628
8629
8632
8635
8645
8646
8681
8694
8695
8826
8863
8881
8882
8883
8884
8941
8943
8946
8952
8953
8966
8967
8971
8972
8975
8985
8988
8989
9027
9034
9037
9038
9121
9187
9192
9198
9199
9212
9213
9217
9218
9221
9230
9234
9235
9244
9245
9246
9247
9270
9283
9284
9341
9342
9343
9344
9345
9346
9347
9348
9349
9350
9351
9352
9353
9354
9355
9356
9357
9358
9359
9360
9361
9362
9363
9364
9367
9441
9485
9487
9492
9498
9499
9512
9513
9517
9523
9534
9535
9544
9545
9546
9547
9570
9573
9583
9584
9667
9718
9726
9727
9958
9963
9969
9970
9983
9984
9988
9989
10005
10006
10044
10054
10055
10138
10140
10230
10232
10235
10241
10242
10255
10256
10260
10261
10267
10273
10277
10278
10322
10326
10327
10410
10412
10489
10500
10501
10514
10515
10519
10520
10526
10532
10536
10537
10580
10585
10586
10659
10660
10661
10662
10669
10671
10706
10709
10723
10739
10752
10753
10766
10767
10771
10772
10778
10784
10788
10789
10827
10833
10837
10838
10921
10932
11352
11353
11354
11355
11399
11404
11412
11413
11429
11430
11433
11436
11442
11446
11447
11485
11491
11499
11500
11579
11647
11696
11729
11731
11736
11744
11745
11756
11757
11761
11768
11779
11780
11815
11818
11824
11829
11830
11839
11840
11841
11842
11913
11915
11948
11954
11966
12008
12015
12023
12024
12035
12036
12040
12041
12044
12058
12059
12097
12108
12109
12174
12175
12176
12177
12186
12187
12188
12189
12192
12234
12277
12278
12279
12280
12295
12297
12302
12310
12311
12322
12323
12327
12334
12345
12346
12384
12395
12396
12413
12414
12415
12416
12433
12434
12435
12436
12479
12523
12590
12595
12600
12608
12609
12620
12621
12625
12629
12632
12643
12644
12683
12694
12695
12778
12823
12825
12838
12839
12850
12851
12855
12859
12862
12873
12874
12912
12918
12923
12924
12969
12970
12971
12972
12985
12986
12987
12988
13007
13063
13064
13065
13066
13080
13082
13094
13099
13108
13112
13121
13176
13191
13192
13195
13196
13208
13211
13226
13227
13261
13265
13276
13277
13360
13403
13415
13420
13422
13423
13425
13428
13436
13437
13448
13449
13457
13466
13471
13472
13522
13523
13568
13569
13570
13571
13606
13615
13813
13818
13821
13826
13827
13838
13839
13843
13847
13850
13861
13862
13897
13906
13911
13912
13995
14007
14078
14084
14092
14093
14104
14105
14113
14116
14127
14128
14165
14177
14178
14261
14355
14357
14363
14364
14372
14373
14384
14385
14396
14402
14407
14408
14457
14458
14491
14492
14493
14494
14495
14496
14497
14498
14499
14500
14501
14502
14503
14504
14505
14506
14507
14508
14509
14510
14511
14512
14513
14514
14541
14550
14612
14613
14641
14643
14649
14657
14658
14669
14670
14674
14678
14681
14692
14693
14728
14731
14742
14743
14804
14805
14806
14807
14826
14950
14959
14960
14975
14976
14981
14984
14987
14998
14999
15034
15037
15048
15049
15132
15154
15155
15156
15157
15168
15364
15365
15375
15382
15383
15398
15399
15403
15407
15409
15421
15422
15457
15460
15466
15471
15472
15556
15611
15617
15621
15622
15637
15638
15642
15646
15660
15661
15699
15702
15710
15711
15794
15798
15816
15944
15949
15952
15956
15957
15960
15961
15972
15973
15977
15981
15984
15995
15996
16031
16045
16046
16063
16064
16065
16066
16107
16108
16109
16110
16129
16130
16136
16139
16203
16206
16212
16216
16217
16232
16233
16237
16241
16244
16255
16256
16291
16294
16305
16306
16323
16324
16325
16326
16343
16344
16345
16346
16383
16384
16385
16386
16391
16395
16434
16437
16453
16455
16460
16465
16466
16481
16482
16490
16493
16504
16505
16540
16543
16554
16555
16592
16593
16594
16595
16638
16648
16720
16723
16726
16730
16731
16746
16747
16751
16754
16758
16768
16769
16770
16805
16808
16819
16820
16903
16904
16910
16916
16945
16961
16966
16970
16971
16986
16987
16991
16998
17009
17010
17045
17048
17059
17060
17143
17149
17153
17161
17162
17163
17164
17178
17184
17187
17195
17196
17201
17208
17213
17223
17227
17232
17267
17268
17274
17278
17279
17294
17295
17299
17303
17306
17317
17318
17353
17356
17359
17367
17368
17451
17470
17474
17476
17481
17485
17486
17495
17496
17501
17502
17506
17510
17513
17524
17525
17534
17535
17536
17537
17560
17563
17574
17575
17636
17637
17638
17639
17658
17665
17698
17702
17710
17713
17742
17743
17749
17753
17754
17769
17770
17774
17778
17792
17793
17828
17831
17842
17843
17926
17935
17960
17971
17982
17989
18005
18012
18015
18016
18017
18032
18033
18037
18041
18044
18055
18056
18091
18094
18105
18106
18111
18112
18113
18114
18189
18194
18202
18237
18244
18248
18249
18264
18265
18269
18273
18276
18287
18288
18323
18326
18337
18338
18395
18396
18397
18398
18399
18400
18401
18402
18403
18404
18405
18406
18407
18408
18409
18410
18411
18412
18413
18414
18415
18416
18417
18418
18419
18420
18421
18422
18423
18424
18425
18426
18427
18428
18429
18430
18433
18438
18465
18472
18476
18496
18502
18506
18507
18522
18523
18527
18531
18534
18545
18546
18581
18584
18587
18590
18595
18596
18679
18682
18702
18712
18773
18774
18780
18784
18785
18800
18801
18805
18812
18823
18824
18859
18861
18873
18874
18957
18966
18969
18990
19024
19027
19030
19034
19035
19050
19051
19055
19059
19073
19074
19109
19112
19123
19124
19210
19211
19217
19228
19231
19234
19246
19260
19266
19269
19277
19282
19293
19294
19300
19304
19305
19308
19309
19320
19321
19325
19328
19331
19337
19342
19343
19378
19381
19392
19393
19479
19485
19502
19503
19504
19505
19509
19512
19544
19570
19577
19581
19588
19589
19597
19601
19609
19614
19618
19621
19625
19626
19641
19642
19646
19652
19663
19664
19714
19715
19798
19799
19808
19831
19838
19846
19852
19856
19857
19872
19873
19880
19883
19889
19894
19895
19933
19944
19945
20028
20029
20034
20038
20044
20075
20082
20089
20130
20133
20136
20140
20141
20156
20157
20161
20164
20167
20173
20178
20179
20214
20217
20228
20229
20312
20322
20345
20378
20379
20385
20389
20390
20399
20400
20405
20406
20410
20413
20416
20427
20428
20457
20458
20459
20460
20463
20466
20477
20478
20531
20532
20533
20534
20563
20566
20589
20593
20599
20606
20924
20925
20935
20936
20951
20952
20959
20962
20965
20968
20973
20974
21009
21012
21018
21023
21024
21077
21078
21079
21080
21106
21107
21117
21120
21168
21169
21175
21179
21180
21195
21196
21203
21212
21217
21218
21253
21256
21267
21268
21351
21354
21357
21398
21400
21404
21411
21414
21418
21490
21493
21497
21501
21502
21517
21518
21522
21525
21528
21539
21540
21575
21577
21589
21590
21643
21644
21645
21646
21673
21686
22220
