23
24
29
30
46
49
50
57
78
79
91
96
207
208
209
213
214
215
216
217
218
345
346
347
348
349
350
480
481
482
509
520
528
629
871
872
877
878
901
902
927
941
942
959
967
970
980
981
984
985
992
993
999
1012
1013
1022
1023
1053
1054
1060
1076
1077
1082
1086
1089
1091
1101
1102
1103
1121
1122
1123
1124
1127
1128
1165
1166
1169
1170
1188
1189
1197
1219
1244
1264
1265
1268
1269
1277
1278
1333
1344
1345
1361
1362
1378
1379
1431
1432
1435
1436
1437
1438
1450
1451
1473
1474
1485
1486
1487
1488
1491
1492
1514
1515
1535
1536
1551
1552
1553
1569
1570
1571
1717
1718
1744
1745
1750
1751
1763
1764
1773
1774
1782
1783
1821
1834
1835
1844
1852
1853
1877
1878
1879
1894
1895
1900
1901
1928
1932
1990
2004
2005
2006
2036
2037
2038
2039
2044
2045
2070
2079
2080
2081
2082
2091
2168
2169
2170
2200
2201
2202
2203
2240
2276
2321
2322
2327
2328
2337
2362
2363
2368
2369
2402
2403
2404
2405
2434
2436
2492
2493
2518
2524
2525
2526
2527
2547
2548
2560
2632
2644
2645
2670
2671
2681
2684
2705
2706
2707
2708
2713
2714
2715
2716
2717
2718
2719
2720
2735
2736
2737
2738
2747
2752
2753
2754
2755
2780
2781
2782
2783
2830
2831
2832
2833
2834
2835
2836
2837
2843
2844
2849
2852
2855
2860
2866
2867
2868
2869
2876
2879
2883
2884
2895
2896
2905
2906
2937
2938
2939
2940
2953
2954
2955
2956
2958
2996
2997
2998
2999
3000
3005
3006
3007
3008
3017
3018
3019
3020
3025
3026
3027
3028
3038
3061
3062
3063
3064
3065
3066
3067
3068
3077
3078
3079
3080
3096
3097
3141
3184
3185
3203
3209
3236
3237
3238
3239
3261
3278
3279
3280
3281
3299
3308
3309
3310
3311
3316
3317
3318
3319
3320
3321
3322
3323
3328
3329
3330
3331
3337
3341
3364
3365
3366
3367
3372
3373
3374
3375
3380
3381
3382
3383
3403
3405
3427
3428
3429
3430
3446
3447
3451
3457
3458
3495
3496
3497
3498
3505
3506
3507
3508
3522
3529
3539
3540
3541
3542
3543
3544
3545
3546
3580
3584
3627
3628
3629
3630
3643
3646
3648
3728
3729
3730
3731
3732
3733
3772
3776
3781
3782
3793
3797
3803
3804
3817
3818
3819
3820
3851
3852
3853
3854
3875
3885
3886
3887
3888
3905
3906
3907
3908
3928
3957
3958
3959
3960
3965
3966
3967
3968
3989
3992
3994
4000
4001
4015
4168
4169
4182
4183
4211
4212
4213
4214
4228
4229
4230
4231
4242
4251
4252
4253
4254
4268
4270
4272
4273
4274
4275
4288
4289
4290
4291
4293
4294
4295
4296
4302
4306
4329
4330
4331
4332
4349
4350
4351
4352
4361
4364
4365
4368
4370
4389
4441
4476
4536
4538
4539
4540
4541
4558
4559
4560
4561
4571
4610
4611
4612
4613
4614
4615
4616
4617
4624
4626
4633
4685
4693
4705
4706
4707
4708
4725
4733
4750
4771
4772
4773
4774
4788
4800
4801
4802
4803
4816
4819
4828
4830
4846
4874
4905
4946
4956
4957
4958
4959
4968
4969
4970
4971
4972
4973
4974
4975
4976
4992
4993
4994
4995
5008
5103
5149
5159
5177
5178
5179
5180
5219
5220
5221
5222
5236
5241
5256
5257
5258
5259
5264
5265
5266
5267
5294
5311
5312
5313
5314
5332
5333
5334
5335
5336
5337
5338
5339
5340
5341
5342
5343
5344
5345
5346
5347
5348
5349
5350
5351
5352
5353
5354
5355
5356
5357
5358
5359
5360
5361
5362
5363
5364
5411
5419
5435
5436
5437
5438
5439
5440
5441
5442
5469
5470
5471
5472
5482
5483
5484
5485
5490
5491
5492
5493
5538
5539
5540
5541
5552
5588
5597
5598
5599
5607
5647
5652
5655
5660
5661
5662
5663
5672
5673
5674
5675
5759
5760
5761
5762
5771
5772
5773
5774
5786
5802
5803
5804
5805
5814
5861
6062
6082
6083
6090
6091
6103
6118
6139
6140
6141
6142
6149
6152
6159
6189
6190
6191
6192
6213
6214
6215
6216
6254
6279
6289
6308
6309
6334
6340
6390
6391
6392
6393
6435
6436
6437
6438
6466
6486
6487
6488
6489
6556
6557
6576
6577
6588
6602
6632
6633
6634
6635
6646
6661
6662
6663
6664
6681
6682
6683
6684
6733
6734
6735
6736
6773
6788
6789
6809
6811
6813
6836
6837
6842
6843
6850
6860
6864
6867
6878
6879
6880
6881
6894
6895
6896
6897
6907
6908
6923
6924
6925
6926
6971
6972
6973
6974
6979
6980
6981
6982
6995
6996
6997
6998
7010
7044
7084
7093
7106
7109
7126
7127
7132
7133
7148
7150
7154
7160
7161
7162
7163
7200
7233
7237
7238
7239
7240
7261
7262
7263
7264
7293
7325
7327
7341
7344
7345
7350
7366
7384
7391
7392
7410
7415
7425
7426
7427
7428
7471
7494
7495
7496
7497
7502
7503
7504
7505
7518
7519
7520
7521
7567
7595
7603
7629
7630
7640
7661
7662
7663
7664
7697
7701
7718
7719
7720
7721
7762
7763
7764
7765
7792
7798
7800
7837
7852
7853
7864
7878
7923
7930
7937
7938
7939
7940
7957
7958
7969
7970
7971
7972
8009
8010
8011
8012
8021
8027
8057
8078
8112
8154
8188
8189
8190
8191
8306
8339
8343
8346
8365
8378
8379
8412
8413
8414
8415
8440
8441
8442
8443
8451
8465
8466
8467
8468
8481
8482
8483
8484
8529
8530
8531
8532
8549
8552
8575
8600
8615
8616
8647
8648
8649
8650
8675
8676
8677
8678
8700
8701
8702
8703
8720
8721
8722
8723
8756
8757
8758
8759
8764
8765
8766
8767
8780
8781
8782
8783
8784
8785
8786
8787
8788
8789
8790
8791
8792
8793
8794
8795
8808
8809
8810
8811
8812
8813
8814
8815
8828
8833
8835
8843
8844
8845
8846
8893
8894
8958
8959
8978
8987
8990
8991
8992
8993
9018
9019
9020
9021
9043
9044
9045
9046
9083
9084
9085
9086
9107
9108
9109
9110
9127
9128
9133
9138
9139
9140
9141
9160
9195
9202
9203
9208
9209
9227
9233
9273
9275
9305
9306
9307
9308
9374
9384
9385
9386
9387
9440
9450
9504
9505
9521
9533
9536
9537
9538
9539
9575
9593
9594
9595
9596
9621
9622
9623
9624
9669
9673
9674
9679
9692
9693
9694
9695
9716
9731
9733
9734
9743
9744
9746
9751
9810
9960
10041
10084
10085
10086
10087
10108
10109
10110
10111
10128
10129
10130
10131
10132
10133
10134
10135
10173
10176
10224
10264
10404
10405
10406
10407
10444
10450
10463
10494
10510
10511
10523
10538
10539
10540
10541
10546
10547
10548
10549
10554
10555
10556
10557
10572
10584
10639
10640
10641
10642
10663
10664
10665
10666
10681
10698
10699
10700
10728
10746
10798
10799
10800
10801
10806
10807
10808
10809
10824
10930
10946
10947
10948
10949
11396
11407
11448
11449
11450
11451
11456
11457
11458
11459
11482
11487
11494
11549
11550
11551
11552
11557
11558
11559
11560
11581
11591
11643
11695
11711
11716
11721
11828
11835
11836
11837
11838
11875
11876
11877
11878
11883
11884
11885
11886
11895
11896
11897
11898
11919
11942
11943
11951
11956
11960
11962
12049
12076
12077
12078
12079
12107
12126
12127
12128
12129
12134
12135
12136
12137
12162
12163
12164
12165
12194
12196
12199
12203
12304
12308
12309
12337
12340
12344
12363
12364
12365
12366
12371
12372
12373
12374
12401
12402
12403
12404
12570
12581
12585
12603
12624
12635
12642
12661
12662
12663
12664
12669
12670
12671
12672
12680
12686
12689
12693
12700
12701
12702
12703
12720
12721
12722
12723
12740
12741
12742
12743
12784
12790
12795
12796
12797
12798
12836
12837
12864
12915
12922
12953
12954
12955
12956
12977
12978
12979
12980
13014
13047
13052
13053
13055
13097
13101
13102
13214
13218
13275
13359
13366
13409
13444
13445
13459
13470
13510
13517
13540
13541
13542
13543
13607
13781
13784
13798
13810
13834
13835
13852
13871
13872
13873
13874
13891
13892
13893
13894
13899
13902
13921
13922
13923
13924
13929
13930
13931
13932
13973
13974
13975
13976
13981
13982
13983
13984
13989
13990
13991
13992
14002
14004
14040
14045
14087
14090
14091
14100
14101
14133
14134
14135
14136
14137
14138
14139
14140
14168
14169
14172
14183
14184
14185
14186
14187
14188
14189
14190
14271
14302
14303
14304
14306
14308
14351
14352
14380
14381
14393
14425
14426
14427
14428
14437
14438
14439
14440
14443
14445
14487
14488
14489
14490
14542
14545
14552
14581
14584
14618
14619
14625
14626
14631
14667
14668
14684
14687
14741
14748
14749
14750
14751
14772
14773
14774
14775
14834
14963
14964
14993
15004
15005
15006
15007
15008
15009
15010
15011
15039
15047
15066
15067
15068
15069
15102
15103
15104
15105
15126
15127
15128
15129
15141
15144
15354
15370
15381
15386
15387
15402
15412
15416
15459
15462
15481
15482
15483
15484
15489
15490
15491
15492
15505
15506
15507
15508
15509
15510
15511
15512
15560
15568
15577
15578
15579
15580
15609
15614
15620
15649
15655
15696
15701
15705
15728
15729
15730
15731
15780
15781
15782
15783
15793
15806
15884
15926
15927
15934
15966
15967
15994
16005
16006
16007
16008
16036
16055
16056
16057
16058
16075
16076
16077
16078
16128
16134
16141
16155
16156
16157
16158
16188
16209
16250
16265
16266
16267
16268
16285
16286
16287
16288
16311
16312
16313
16314
16414
16419
16424
16427
16430
16435
16440
16464
16469
16470
16495
16496
16510
16511
16512
16513
16549
16580
16581
16582
16583
16637
16643
16654
16708
16713
16715
16734
16735
16761
16811
16814
16825
16826
16827
16828
16857
16858
16859
16860
16893
16894
16895
16896
16897
16898
16899
16900
16902
16913
16915
16921
16922
16923
16924
16941
16948
16953
16954
16963
16974
16975
16984
16985
16995
17008
17027
17028
17029
17030
17065
17066
17067
17068
17077
17078
17079
17080
17137
17138
17139
17140
17148
17175
17183
17188
17199
17212
17221
17233
17282
17283
17309
17323
17324
17325
17326
17352
17366
17385
17386
17387
17388
17405
17406
17407
17408
17429
17430
17431
17432
17460
17461
17463
17464
17471
17499
17500
17519
17542
17543
17544
17545
17569
17580
17581
17582
17583
17584
17585
17586
17587
17648
17649
17650
17651
17661
17663
17668
17670
17671
17736
17752
17757
17758
17763
17764
17780
17783
17787
17791
17798
17799
17800
17801
17810
17811
17812
17813
17837
17841
17872
17873
17874
17875
17880
17881
17882
17883
17896
17897
17898
17899
17904
17905
17906
17907
17931
17933
17986
18006
18014
18020
18021
18050
18073
18074
18075
18076
18096
18100
18115
18116
18117
18118
18135
18136
18137
18138
18159
18160
18161
18162
18167
18168
18169
18170
18179
18180
18181
18182
18196
18226
18227
18238
18252
18253
18282
18301
18302
18303
18304
18329
18332
18343
18344
18345
18346
18347
18348
18349
18350
18355
18356
18357
18358
18363
18364
18365
18366
18375
18376
18377
18378
18439
18442
18445
18446
18452
18477
18485
18490
18499
18540
18575
18576
18577
18578
18613
18614
18615
18616
18621
18622
18623
18624
18649
18650
18651
18652
18657
18658
18659
18660
18716
18777
18783
18788
18789
18798
18799
18822
18829
18830
18831
18832
18865
18872
18911
18912
18913
18914
18935
18936
18937
18938
18947
18948
18949
18950
18959
18961
18962
18965
18968
18989
18997
18999
19038
19039
19044
19045
19062
19065
19072
19079
19080
19081
19082
19133
19134
19135
19136
19185
19186
19187
19188
19197
19198
19199
19200
19214
19220
19253
19267
19275
19276
19280
19283
19303
19314
19315
19318
19319
19333
19368
19369
19370
19371
19398
19399
19400
19401
19511
19562
19595
19639
19640
19645
19700
19705
19709
19713
19720
19721
19722
19723
19732
19733
19734
19735
19764
19765
19766
19767
19768
19769
19770
19771
19776
19777
19778
19779
19792
19793
19794
19795
19801
19803
19804
19805
19824
19825
19826
19827
19835
19845
19849
19860
19861
19877
19885
19912
19913
19914
19915
19924
19925
19926
19927
19950
19951
19952
19953
19994
19995
19996
19997
19998
19999
20000
20001
20022
20023
20024
20025
20040
20043
20061
20063
20068
20080
20139
20144
20145
20150
20151
20154
20155
20317
20321
20324
20325
20334
20335
20336
20337
20356
20359
20364
20382
20515
20516
20517
20518
20539
20540
20541
20542
20551
20552
20553
20554
20564
20570
20572
20575
20600
20607
20921
20945
20946
20956
20983
20984
20985
20986
20991
20992
20993
20994
21053
21054
21055
21056
21073
21074
21075
21076
21112
21113
21114
21119
21138
21158
21189
21190
21305
21306
21307
21308
21317
21318
21319
21320
21321
21322
21323
21324
21358
21393
21403
21410
21422
21484
21505
21506
21511
21512
21667
21668
21669
21670
21672
21676
21680
21718
21933
21937
21939
22214
22223
22267
22273
22274
