31
32
95
120
121
122
123
124
125
201
202
203
270
271
272
273
274
275
276
277
278
279
280
281
282
283
284
285
286
287
428
429
430
520
903
904
962
963
1000
1003
1018
1019
1031
1032
1033
1056
1061
1105
1110
1111
1169
1170
1190
1191
1246
1272
1273
1281
1282
1299
1300
1301
1363
1364
1380
1381
1398
1440
1462
1533
1534
1600
1606
1607
1694
1695
1750
1751
1786
1787
1820
1827
1835
1888
1889
1991
2046
2047
2088
2105
2106
2107
2108
2236
2237
2238
2239
2276
2278
2419
2420
2421
2488
2504
2505
2572
2573
2593
2594
2595
2693
2694
2695
2696
2734
2744
2838
2839
2840
2841
2847
2893
2894
2901
2963
2964
2965
2966
2981
3001
3002
3003
3004
3036
3053
3054
3055
3056
3081
3082
3083
3084
3160
3161
3165
3220
3221
3222
3223
3266
3267
3268
3269
3415
3416
3417
3418
3555
3556
3557
3558
3591
3592
3593
3594
3631
3632
3633
3634
3650
3656
3725
3755
3756
3757
3758
3759
3760
3761
3762
3763
3765
3766
3813
3814
3815
3816
3825
3826
3827
3828
3926
4019
4028
4353
4354
4355
4356
4485
4486
4487
4488
4497
4498
4499
4500
4520
4521
4522
4523
4657
4677
4678
4737
4738
4739
4740
4746
4767
4768
4769
4770
4859
4860
4861
4862
4863
4864
4865
4866
4867
5059
5060
5061
5062
5079
5080
5081
5082
5215
5216
5217
5218
5514
5515
5516
5517
5594
5676
5677
5678
5679
5680
5681
5682
5683
5778
5779
5783
5806
5807
5808
5838
5839
5840
5841
5842
5843
5844
5845
5846
6172
6225
6226
6227
6228
6233
6234
6235
6236
6495
6496
6701
6702
6703
6704
6709
6710
6711
6712
6717
6718
6719
6720
6729
6730
6731
6732
6947
6948
6949
6950
7002
7009
7092
7118
7273
7274
7275
7276
7303
7320
7321
7322
7348
7449
7450
7451
7452
7498
7499
7500
7501
7534
7535
7536
7537
7689
7690
7691
7692
7770
7771
7772
7773
7803
7892
7893
7894
7895
7908
7909
7910
7911
7953
7954
7955
7956
8023
8106
8331
8485
8486
8487
8488
8505
8506
8507
8508
8545
8547
8583
8584
8585
8586
8596
8605
8861
8891
8892
8898
8899
8900
8901
8902
8903
8904
8905
8906
8907
8908
8909
8910
8938
9164
9167
9184
9191
9204
9205
9223
9313
9314
9315
9316
9376
9637
9638
9639
9640
9657
9658
9659
9660
9741
9742
9807
10035
10036
10037
10038
10416
10506
10507
10517
10631
10632
10633
10634
10762
10763
10863
10864
10865
10866
10915
10916
10917
10918
10922
11525
11526
11527
11528
11578
11583
11586
11650
11651
11652
11653
11654
11655
11656
11657
11658
11659
11660
11661
11938
11939
11940
11941
12088
12089
12090
12091
12287
12288
12425
12426
12427
12428
12469
12470
12471
12472
12488
12584
12612
12613
12997
12998
12999
13000
13001
13002
13003
13004
13071
13072
13306
13307
13308
13309
13354
13355
13356
13357
13361
13369
13501
13502
13503
13504
13552
13553
13554
13555
13618
13786
13941
13942
13943
13944
14001
14157
14158
14159
14160
14215
14216
14217
14218
14219
14220
14221
14222
14223
14224
14225
14226
14227
14228
14229
14230
14231
14232
14233
14234
14310
14362
14622
14623
14718
14719
14720
14721
14820
14821
14822
14823
15135
15170
15817
15889
15915
15923
15936
16359
16360
16361
16362
16530
16531
16532
16533
16604
16605
16606
16607
16940
16965
17035
17036
17037
17038
17101
17102
17103
17104
17113
17114
17115
17116
17206
17244
17445
17446
17447
17448
17689
17719
17739
17916
17917
17918
17919
17980
18232
18247
18391
18392
18393
18394
18704
18804
19153
19154
19155
19156
19255
19422
19423
19424
19425
19841
19870
19871
