51
52
53
54
55
56
80
85
86
87
88
89
90
98
100
101
102
108
109
110
133
204
205
206
336
337
338
339
340
341
342
343
344
442
443
450
451
477
478
479
518
574
607
690
691
692
693
883
884
909
910
937
938
943
944
957
959
965
966
971
972
973
974
975
976
1010
1011
1028
1029
1030
1062
1063
1064
1065
1066
1067
1068
1080
1081
1087
1092
1093
1094
1095
1096
1097
1117
1118
1119
1120
1163
1164
1186
1187
1199
1200
1201
1202
1203
1204
1210
1212
1213
1214
1215
1216
1217
1237
1238
1247
1248
1249
1250
1251
1252
1268
1269
1287
1288
1289
1290
1291
1292
1312
1313
1318
1319
1320
1321
1322
1323
1324
1325
1326
1327
1328
1331
1335
1336
1348
1349
1365
1366
1372
1373
1396
1414
1415
1416
1417
1418
1419
1420
1421
1422
1423
1429
1430
1446
1447
1460
1464
1465
1466
1467
1468
1469
1475
1476
1497
1499
1500
1501
1502
1503
1504
1518
1519
1531
1532
1544
1554
1555
1556
1557
1558
1559
1575
1576
1577
1627
1628
1629
1630
1631
1632
1633
1634
1650
1651
1652
1653
1654
1681
1693
1698
1699
1705
1706
1707
1708
1709
1710
1711
1715
1716
1748
1749
1761
1762
1790
1791
1832
1833
1846
1847
1865
1866
1894
1895
1896
1897
1911
1916
1917
1918
1919
1920
1921
1922
1923
1924
1925
1929
1931
1934
1935
1936
1937
1938
1939
2009
2010
2040
2041
2044
2045
2062
2063
2064
2065
2066
2067
2092
2093
2094
2095
2096
2097
2099
2100
2111
2112
2113
2114
2120
2188
2189
2190
2191
2232
2233
2234
2235
2275
2288
2289
2296
2297
2300
2301
2307
2308
2319
2320
2342
2353
2354
2355
2356
2370
2371
2380
2385
2386
2387
2388
2389
2390
2443
2447
2448
2479
2480
2481
2482
2513
2530
2531
2532
2533
2534
2535
2549
2550
2564
2565
2566
2567
2568
2569
2605
2606
2614
2615
2631
2646
2650
2666
2667
2678
2684
2744
2756
2757
2758
2759
2822
2823
2824
2825
2853
2880
2893
2894
2901
2912
2968
2971
2972
2973
2974
2984
3029
3030
3031
3032
3092
3167
3179
3192
3193
3203
3204
3209
3271
3283
3286
3300
3301
3302
3303
3316
3317
3318
3319
3332
3333
3334
3335
3384
3385
3386
3387
3400
3402
3419
3420
3422
3435
3436
3447
3455
3495
3496
3497
3498
3500
3509
3575
3576
3577
3578
3607
3608
3609
3610
3659
3660
3661
3665
3666
3667
3671
3672
3673
3677
3678
3679
3683
3684
3685
3689
3690
3691
3695
3696
3697
3701
3702
3703
3707
3708
3709
3713
3714
3715
3719
3720
3721
3734
3735
3736
3737
3738
3739
3740
3741
3742
3743
3744
3745
3746
3747
3748
3749
3750
3751
3752
3753
3768
3772
3781
3782
3793
3801
3841
3842
3843
3844
3855
3868
3872
3889
3890
3891
3892
3893
3894
3895
3896
3953
3954
3955
3956
3973
3974
3975
3976
4005
4020
4027
4166
4168
4174
4175
4178
4179
4189
4195
4219
4220
4221
4222
4232
4233
4234
4235
4243
4270
4288
4289
4290
4291
4297
4298
4299
4300
4306
4390
4431
4437
4448
4449
4454
4455
4501
4502
4503
4504
4505
4529
4550
4551
4552
4553
4654
4660
4726
4779
4780
4781
4782
4783
4784
4785
4786
4824
4825
4826
4827
4855
4895
4915
4977
4984
5009
5030
5031
5032
5033
5042
5091
5092
5093
5094
5102
5106
5124
5128
5141
5142
5186
5193
5214
5227
5228
5229
5230
5239
5303
5306
5367
5374
5382
5383
5398
5403
5412
5416
5465
5473
5506
5507
5508
5509
5549
5553
5556
5565
5566
5567
5568
5579
5590
5603
5613
5639
5645
5649
5689
5698
5702
5703
5704
5705
5798
5799
5800
5801
5817
6057
6060
6067
6112
6115
6123
6124
6125
6126
6161
6168
6169
6170
6171
6243
6252
6264
6265
6266
6267
6278
6280
6286
6299
6319
6331
6337
6375
6403
6404
6405
6406
6443
6444
6445
6446
6447
6448
6449
6450
6574
6575
6599
6608
6609
6610
6611
6642
6693
6694
6695
6696
6740
6741
6750
6764
6765
6766
6767
6776
6802
6803
6823
6861
6914
6943
6944
6945
6946
6983
6984
6985
6986
7000
7006
7012
7026
7027
7028
7029
7035
7038
7081
7083
7103
7105
7128
7129
7139
7157
7204
7217
7218
7219
7220
7253
7254
7255
7256
7285
7286
7287
7288
7290
7299
7316
7317
7318
7319
7330
7331
7337
7351
7363
7365
7369
7374
7416
7422
7433
7434
7435
7436
7465
7469
7478
7479
7480
7481
7510
7511
7512
7513
7526
7527
7528
7529
7550
7551
7552
7553
7555
7558
7564
7565
7581
7582
7583
7584
7590
7596
7620
7627
7628
7652
7658
7705
7707
7734
7735
7736
7737
7774
7775
7776
7777
7794
7797
7801
7809
7810
7811
7812
7826
7827
7828
7829
7830
7833
7843
7850
7851
7875
7881
7924
7985
7986
7987
7988
7997
7998
7999
8000
8017
8040
8041
8042
8043
8049
8052
8079
8089
8113
8130
8131
8155
8158
8161
8164
8165
8166
8167
8204
8208
8210
8217
8218
8219
8220
8221
8222
8223
8224
8241
8242
8243
8244
8249
8250
8251
8252
8289
8290
8291
8292
8297
8307
8320
8321
8322
8323
8324
8327
8384
8385
8392
8403
8409
8420
8421
8422
8423
8436
8437
8438
8439
8449
8452
8456
8497
8498
8499
8500
8555
8568
8569
8570
8571
8613
8614
8626
8644
8671
8672
8673
8674
8680
8684
8687
8740
8741
8742
8743
8768
8769
8770
8771
8827
8838
8855
8856
8857
8858
8859
8887
8888
8911
8949
8970
8980
9010
9011
9012
9013
9024
9029
9036
9075
9076
9077
9078
9115
9116
9117
9118
9122
9150
9151
9152
9156
9185
9216
9236
9237
9238
9239
9256
9257
9258
9259
9264
9265
9266
9267
9276
9279
9285
9286
9287
9288
9373
9379
9489
9524
9526
9556
9557
9558
9559
9564
9565
9566
9567
9576
9585
9586
9587
9588
9629
9630
9631
9632
9653
9654
9655
9656
9661
9662
9663
9664
9678
9684
9685
9686
9687
9702
9709
9710
9732
9811
9812
9813
9814
9815
9816
9817
9818
9819
9966
9979
9980
9998
10051
10053
10056
10057
10058
10059
10144
10160
10161
10162
10163
10164
10165
10166
10170
10177
10238
10270
10276
10295
10296
10297
10298
10307
10308
10309
10310
10313
10318
10325
10336
10337
10338
10339
10388
10389
10390
10391
10417
10443
10447
10465
10466
10467
10468
10469
10470
10471
10472
10473
10474
10475
10487
10497
10535
10575
10587
10588
10589
10590
10595
10596
10597
10598
10668
10678
10731
10781
10847
10848
10849
10850
10867
10868
10869
10870
10875
10876
10877
10878
10911
10912
10913
10914
10928
10950
10951
10952
10966
11364
11365
11397
11424
11425
11445
11488
11495
11496
11497
11498
11505
11506
11507
11508
11541
11542
11543
11544
11573
11574
11575
11576
11580
11588
11639
11678
11679
11680
11681
11682
11683
11684
11685
11686
11687
11688
11689
11690
11691
11692
11693
11699
11702
11705
11708
11720
11739
11752
11753
11760
11771
11774
11821
11914
11922
11925
11950
12010
12018
12031
12032
12038
12050
12100
12114
12115
12116
12117
12178
12179
12180
12181
12193
12198
12204
12233
12237
12375
12376
12377
12378
12387
12405
12406
12407
12408
12465
12466
12467
12468
12473
12474
12475
12476
12480
12486
12491
12498
12499
12500
12501
12520
12564
12565
12568
12587
12597
12616
12617
12653
12654
12655
12656
12685
12704
12705
12706
12707
12748
12749
12750
12751
12752
12753
12754
12755
12756
12757
12758
12759
12760
12761
12762
12763
12764
12765
12766
12767
12768
12769
12770
12771
12772
12773
12774
12775
12779
12803
12804
12805
12806
12819
12824
12842
12843
12858
12865
12883
12884
12885
12886
12899
12900
12901
12902
12909
12933
12934
12935
12936
12993
12994
12995
12996
13008
13036
13037
13038
13039
13042
13045
13067
13068
13079
13107
13115
13116
13124
13178
13186
13189
13190
13221
13236
13237
13238
13239
13252
13253
13254
13255
13268
13286
13287
13288
13289
13350
13351
13352
13353
13367
13371
13372
13393
13394
13395
13396
13410
13431
13434
13435
13453
13463
13481
13482
13483
13484
13514
13560
13561
13562
13563
13576
13577
13578
13579
13592
13593
13594
13595
13596
13597
13598
13599
13605
13608
13617
13710
13713
13716
13719
13722
13725
13728
13731
13734
13737
13740
13777
13830
13831
13841
13853
13903
13910
13965
13966
13967
13968
13997
14006
14076
14081
14109
14119
14163
14260
14268
14346
14360
14367
14376
14377
14389
14417
14418
14419
14420
14540
14553
14577
14624
14634
14652
14698
14699
14700
14701
14730
14733
14737
14752
14753
14754
14755
14808
14809
14810
14811
14812
14813
14814
14815
14827
14830
14843
14844
14845
14846
14910
14915
14918
14954
14958
14979
15016
15017
15018
15019
15028
15029
15030
15031
15058
15059
15060
15061
15086
15087
15088
15089
15106
15107
15108
15109
15110
15111
15112
15113
15114
15115
15116
15117
15118
15119
15120
15121
15122
15123
15124
15125
15137
15145
15158
15159
15160
15161
15359
15378
15451
15452
15453
15454
15513
15514
15515
15516
15521
15522
15523
15524
15525
15526
15527
15528
15549
15550
15551
15552
15558
15562
15565
15605
15635
15636
15641
15678
15679
15680
15681
15686
15687
15688
15689
15709
15720
15721
15722
15723
15760
15761
15762
15763
15788
15789
15790
15791
15801
15803
15807
15809
15813
15883
15886
15933
15941
15946
15955
15970
15971
15986
15990
16013
16014
16015
16016
16037
16044
16083
16084
16085
16086
16115
16116
16117
16118
16123
16124
16125
16126
16142
16151
16152
16153
16154
16159
16181
16185
16192
16204
16215
16220
16221
16247
16273
16274
16275
16276
16297
16300
16315
16316
16317
16318
16331
16332
16333
16334
16355
16356
16357
16358
16450
16454
16461
16479
16480
16486
16564
16565
16566
16567
16632
16633
16634
16635
16651
16656
16710
16740
16741
16749
16779
16780
16781
16782
16837
16838
16839
16840
16849
16850
16851
16852
16869
16870
16871
16872
16906
16909
16934
16939
16943
16990
17015
17016
17017
17018
17142
17152
17156
17174
17203
17211
17222
17226
17241
17243
17271
17277
17288
17289
17343
17344
17345
17346
17373
17374
17375
17376
17397
17398
17399
17400
17421
17422
17423
17424
17450
17456
17458
17489
17490
17505
17530
17531
17532
17533
17554
17555
17556
17557
17592
17593
17594
17595
17628
17629
17630
17631
17667
17680
17681
17682
17683
17690
17693
17716
17721
17723
17746
17773
17784
17834
17860
17861
17862
17863
17925
17932
17938
17963
17965
17969
17972
17979
18054
18085
18086
18087
18088
18183
18184
18185
18186
18192
18198
18199
18201
18219
18222
18262
18263
18317
18318
18319
18320
18336
18436
18440
18455
18459
18469
18479
18489
18536
18586
18594
18685
18689
18706
18709
18713
18715
18815
18818
18853
18854
18855
18856
18858
18864
18879
18880
18881
18882
18891
18892
18893
18894
18903
18904
18905
18906
18963
18978
18979
18980
18981
18992
18995
19022
19033
19054
19114
19118
19141
19142
19143
19144
19161
19162
19163
19164
19209
19219
19225
19226
19252
19261
19334
19341
19348
19349
19350
19351
19372
19373
19374
19375
19391
19402
19403
19404
19405
19470
19471
19472
19473
19481
19486
19489
19513
19514
19515
19516
19517
19518
19519
19520
19521
19522
19523
19524
19525
19526
19551
19555
19557
19566
19576
19579
19593
19600
19607
19615
19624
19629
19630
19703
19807
19810
19836
19866
19867
19879
19886
19900
19901
19902
19903
19982
19983
19984
19985
20006
20007
20008
20009
20035
20037
20064
20073
20085
20159
20184
20185
20186
20187
20208
20209
20210
20211
20234
20235
20236
20237
20254
20255
20256
20257
20266
20267
20268
20269
20290
20291
20292
20293
20315
20361
20393
20394
20469
20476
20487
20488
20489
20490
20576
20598
20605
20915
20918
20928
20931
20939
20940
20955
20972
21029
21030
21031
21032
21033
21034
21035
21036
21101
21102
21103
21104
21110
21116
21167
21193
21194
21200
21208
21227
21228
21229
21230
21247
21248
21249
21250
21258
21273
21274
21275
21276
21285
21286
21287
21288
21297
21298
21299
21300
21356
21392
21394
21396
21479
21491
21500
21531
21545
21546
21547
21548
21565
21566
21567
21568
21588
21615
21616
21617
21618
21627
21628
21629
21630
21683
22216
22219
22269
