17
21
22
47
58
61
84
132
237
238
239
240
241
242
246
247
248
249
250
251
252
253
254
255
256
257
258
259
260
261
262
263
264
265
266
267
268
269
306
307
387
388
389
390
391
392
393
394
397
398
403
404
405
406
407
408
409
410
411
412
413
414
415
416
417
418
439
440
531
532
535
536
537
538
539
540
542
543
544
545
546
547
548
549
550
551
552
553
554
555
556
557
558
559
560
561
562
563
564
565
566
567
568
569
570
571
572
573
574
575
576
577
578
579
580
581
582
583
584
585
586
587
588
589
590
591
592
593
594
595
596
597
598
599
600
601
602
603
604
605
606
607
608
609
610
611
612
613
614
615
616
617
618
619
620
621
622
623
624
625
626
627
628
629
630
631
632
633
634
635
636
637
638
639
640
641
642
643
644
645
646
647
648
649
650
651
652
653
654
655
656
657
658
659
660
661
662
663
664
665
666
667
668
669
670
671
672
673
674
675
676
677
678
679
680
681
682
683
684
685
686
694
695
696
697
698
699
700
701
702
703
704
705
706
707
708
709
710
711
712
713
714
715
716
717
718
719
720
721
722
723
724
725
897
898
931
932
933
934
945
946
947
948
949
950
951
952
961
990
991
996
997
1024
1025
1026
1027
1051
1052
1072
1073
1088
1104
1105
1106
1107
1133
1134
1135
1136
1158
1173
1174
1198
1211
1227
1228
1240
1254
1255
1258
1259
1285
1306
1308
1330
1340
1341
1355
1356
1370
1371
1395
1408
1427
1428
1442
1443
1459
1471
1472
1481
1482
1494
1506
1507
1524
1525
1529
1530
1546
1561
1564
1594
1595
1596
1599
1602
1603
1619
1696
1697
1701
1713
1714
1725
1726
1738
1739
1759
1760
1780
1781
1797
1801
1802
1830
1831
1842
1843
1855
1857
1858
1859
1860
1861
1862
1863
1864
1884
1885
1907
1933
1955
1956
1964
1968
1969
1970
1971
1972
1973
1974
1975
1976
1977
1978
1979
1980
1995
1996
2026
2027
2032
2033
2053
2069
2090
2115
2129
2144
2150
2151
2152
2153
2166
2283
2286
2287
2305
2306
2311
2312
2336
2358
2359
2382
2383
2393
2432
2435
2438
2441
2490
2491
2514
2537
2538
2562
2600
2619
2620
2621
2634
2647
2658
2659
2689
2690
2691
2692
2721
2722
2740
2743
2747
2784
2803
2804
2805
2806
2807
2808
2809
2858
2863
2874
2885
2886
2906
2907
2957
2981
3033
3090
3105
3106
3107
3108
3109
3110
3111
3112
3113
3114
3115
3116
3117
3118
3119
3120
3165
3188
3189
3211
3260
3336
3393
3407
3431
3432
3452
3455
3499
3523
3579
3636
3657
3777
3778
3845
3874
3930
4007
4009
4022
4184
4185
4236
4268
4304
4387
4393
4394
4395
4396
4397
4398
4399
4400
4401
4402
4403
4404
4405
4406
4407
4408
4409
4410
4411
4412
4413
4414
4415
4416
4417
4418
4419
4420
4421
4422
4423
4424
4425
4426
4427
4428
4438
4460
4461
4506
4650
4655
4679
4680
4684
4728
4789
4875
4878
4881
4884
4886
4902
4906
4930
4931
4935
4944
5040
5119
5143
5144
5148
5188
5237
5331
5368
5392
5393
5397
5415
5452
5457
5573
5577
5600
5604
5628
5629
5634
5648
5690
5866
5867
5868
5869
5870
5871
5872
5873
5874
5875
5876
5877
5878
5879
5880
5881
5882
5883
5890
5891
5892
5893
5894
5895
5896
5897
5898
5899
5900
5901
5902
5903
5904
5905
5906
5907
5908
5909
5910
5911
5912
5913
5914
5915
5916
5917
5918
5919
5921
5926
5927
5928
5929
5930
5931
5932
5933
5934
5935
5936
5937
5938
5939
5940
5941
5942
5943
5944
5945
5946
5947
5948
5949
5950
5951
5952
5953
5954
5955
5962
5963
5964
5965
5966
5967
5968
5969
5970
5971
5972
5973
5974
5975
5976
5977
5978
5979
5980
5981
5982
5983
5984
5985
5986
5987
5988
5989
5990
5991
5992
5993
5994
5995
5996
5997
5998
5999
6000
6001
6002
6003
6004
6005
6006
6007
6008
6009
6010
6011
6012
6013
6014
6015
6016
6017
6018
6019
6020
6021
6022
6023
6024
6025
6026
6027
6028
6029
6030
6031
6032
6033
6066
6068
6073
6092
6093
6111
6148
6153
6290
6295
6314
6315
6320
6333
6379
6465
6558
6563
6582
6583
6592
6596
6601
6641
6650
6779
6786
6787
6792
6793
6820
6825
6844
6845
6854
6863
6912
7042
7043
7078
7100
7110
7113
7115
7134
7135
7153
7202
7332
7356
7375
7380
7399
7400
7418
7467
7611
7635
7636
7641
7654
7703
7746
7747
7748
7749
7793
7834
7839
7858
7859
7877
7926
8016
8114
8119
8138
8139
8157
8206
8296
8362
8386
8387
8391
8405
8454
8589
8592
8597
8621
8622
8627
8631
8640
8689
8867
8879
8880
8940
8964
8965
8983
9032
9165
9186
9210
9211
9229
9269
9278
9402
9403
9404
9405
9406
9407
9408
9409
9410
9411
9412
9413
9414
9415
9416
9417
9418
9419
9420
9421
9422
9423
9424
9425
9426
9427
9428
9429
9430
9431
9432
9433
9438
9449
9474
9475
9476
9477
9478
9479
9480
9481
9486
9510
9511
9529
9578
9713
9714
9728
9729
9736
9737
9768
9769
9770
9771
9772
9773
9774
9775
9776
9777
9778
9779
9780
9781
9782
9783
9784
9785
9786
9787
9788
9789
9790
9791
9792
9793
9794
9795
9796
9797
9798
9799
9820
9821
9822
9823
9824
9825
9826
9827
9828
9829
9830
9831
9832
9833
9834
9835
9836
9837
9838
9839
9840
9841
9842
9843
9844
9845
9846
9847
9848
9849
9850
9851
9852
9853
9854
9855
9856
9857
9858
9859
9860
9861
9862
9863
9864
9865
9866
9867
9868
9869
9870
9871
9872
9873
9874
9875
9876
9877
9878
9879
9880
9881
9882
9883
9884
9885
9886
9887
9888
9889
9890
9891
9892
9893
9894
9895
9896
9897
9898
9899
9900
9901
9902
9903
9904
9905
9906
9907
9908
9909
9910
9911
9912
9913
9914
9915
9916
9917
9918
9919
9920
9921
9922
9923
9924
9925
9926
9927
9928
9929
9930
9931
9932
9933
9934
9935
9936
9937
9938
9939
9940
9941
9942
9943
9944
9945
9946
9947
9948
9949
9950
9951
9952
9953
9957
9981
9982
9987
9991
10000
10049
10182
10228
10229
10253
10254
10259
10272
10321
10462
10464
10488
10512
10513
10518
10525
10531
10581
10703
10724
10727
10730
10734
10740
10745
10764
10765
10770
10774
10777
10783
10826
10832
10969
10970
10971
10972
10973
10974
10975
10976
10977
10978
10979
10980
10981
10982
10983
10984
10985
10986
10987
10988
10989
10990
10991
10992
10993
10994
10995
10996
10997
10998
10999
11000
11001
11002
11003
11004
11005
11006
11007
11008
11009
11010
11011
11012
11013
11014
11015
11016
11017
11018
11019
11020
11021
11022
11023
11024
11025
11026
11027
11028
11029
11030
11031
11032
11033
11034
11035
11036
11037
11038
11039
11040
11041
11042
11043
11044
11045
11046
11047
11048
11049
11050
11051
11052
11053
11054
11055
11056
11057
11058
11059
11060
11061
11062
11063
11064
11065
11066
11067
11068
11069
11070
11071
11072
11073
11074
11075
11076
11077
11078
11079
11080
11081
11082
11083
11084
11085
11086
11087
11088
11089
11090
11091
11092
11093
11094
11095
11096
11097
11098
11099
11100
11101
11102
11103
11104
11105
11106
11107
11108
11109
11110
11111
11112
11113
11114
11115
11116
11117
11118
11119
11120
11121
11122
11123
11124
11125
11126
11127
11128
11129
11130
11131
11132
11133
11134
11135
11136
11137
11138
11139
11140
11141
11142
11143
11144
11145
11146
11147
11148
11149
11150
11151
11152
11153
11154
11155
11156
11237
11238
11239
11240
11241
11242
11243
11244
11245
11246
11247
11248
11249
11250
11251
11252
11253
11254
11255
11256
11257
11258
11259
11260
11261
11262
11263
11264
11265
11266
11267
11268
11269
11270
11271
11272
11273
11274
11275
11276
11277
11278
11279
11280
11281
11282
11283
11284
11285
11286
11287
11288
11289
11290
11331
11332
11333
11334
11335
11336
11337
11338
11339
11340
11341
11342
11343
11356
11357
11398
11401
11403
11406
11422
11423
11441
11481
11484
11490
11633
11730
11735
11754
11755
11759
11773
11814
11817
11823
12009
12017
12033
12034
12039
12046
12052
12096
12102
12226
12275
12276
12296
12301
12320
12321
12325
12339
12380
12383
12389
12525
12526
12527
12528
12529
12530
12531
12532
12533
12534
12535
12536
12537
12538
12539
12540
12541
12542
12543
12544
12545
12546
12547
12548
12549
12550
12551
12552
12553
12554
12555
12556
12594
12599
12618
12619
12623
12628
12631
12637
12688
12827
12829
12848
12849
12853
12861
12867
12917
13041
13044
13061
13062
13089
13090
13103
13104
13117
13118
13120
13167
13168
13169
13170
13171
13172
13173
13180
13182
13201
13202
13207
13220
13270
13364
13421
13446
13447
13451
13460
13465
13516
13776
13811
13836
13837
13842
13855
13896
13900
13905
14034
14035
14077
14102
14103
14108
14115
14121
14166
14171
14354
14382
14383
14387
14401
14451
14578
14614
14615
14642
14648
14651
14661
14662
14673
14686
14727
14736
14905
14948
14967
14968
14978
14992
15042
15371
15390
15391
15401
15406
15415
15456
15465
15596
15608
15616
15629
15630
15640
15654
15704
15815
15818
15819
15820
15821
15822
15823
15824
15825
15826
15827
15828
15829
15830
15831
15832
15833
15834
15835
15836
15837
15838
15839
15840
15841
15842
15843
15844
15845
15846
15847
15848
15849
15850
15851
15852
15853
15854
15855
15856
15857
15858
15859
15860
15861
15862
15863
15864
15865
15866
15867
15868
15869
15870
15871
15872
15873
15874
15875
15876
15877
15878
15879
15880
15881
15943
15951
15964
15965
15976
15980
15989
16030
16039
16205
16224
16225
16236
16240
16249
16293
16299
16429
16432
16436
16449
16452
16473
16474
16484
16489
16492
16498
16542
16548
16725
16738
16739
16750
16755
16757
16763
16807
16813
16959
16978
16979
16989
16997
17003
17053
17191
17204
17216
17219
17229
17236
17266
17269
17273
17286
17287
17298
17311
17355
17361
17475
17478
17493
17494
17504
17509
17518
17559
17568
17696
17700
17704
17707
17714
17718
17745
17748
17761
17762
17772
17777
17786
17830
17836
17929
17959
17962
17966
17975
17978
17985
18008
18024
18025
18035
18040
18043
18049
18090
18093
18099
18221
18240
18243
18256
18257
18268
18281
18322
18328
18331
18432
18461
18468
18475
18494
18501
18514
18515
18526
18539
18580
18589
18678
18705
18708
18711
18776
18792
18793
18803
18817
18867
18956
18993
19021
19026
19029
19042
19043
19053
19058
19067
19108
19117
19233
19236
19237
19238
19239
19240
19241
19242
19256
19257
19259
19263
19270
19273
19292
19296
19299
19312
19313
19323
19327
19330
19336
19380
19386
19548
19573
19584
19596
19599
19608
19617
19633
19634
19644
19648
19651
19657
19708
19811
19844
19851
19864
19865
19875
19882
19888
19929
19932
19938
20027
20071
20078
20081
20088
20091
20092
20093
20094
20095
20096
20097
20098
20099
20100
20101
20102
20103
20104
20105
20106
20107
20108
20109
20110
20111
20112
20113
20114
20115
20116
20117
20118
20119
20120
20121
20122
20123
20124
20125
20126
20128
20132
20135
20148
20149
20166
20172
20222
20311
20319
20344
20376
20387
20397
20398
20408
20412
20421
20465
20471
20560
20592
20596
20603
20891
20892
20893
20894
20895
20896
20923
20943
20944
20954
20958
20961
20967
21008
21011
21017
21144
21147
21150
21171
21174
21187
21188
21198
21211
21252
21255
21261
21350
21408
21417
21494
21496
21509
21510
21520
21527
21533
21574
21578
21583
