27
28
39
40
60
63
82
97
99
111
112
113
114
115
116
117
118
119
134
219
220
221
222
223
224
225
226
227
228
229
230
231
232
233
234
235
236
302
315
316
351
352
353
441
444
445
446
447
471
472
483
484
485
512
515
534
576
579
581
625
626
627
628
629
688
879
880
881
882
885
886
889
890
905
906
935
936
960
962
963
986
987
988
989
998
999
1002
1014
1015
1059
1074
1075
1089
1090
1108
1109
1110
1111
1129
1130
1131
1132
1159
1171
1172
1194
1195
1209
1222
1223
1229
1230
1233
1234
1241
1262
1263
1270
1271
1272
1273
1283
1314
1315
1342
1343
1346
1347
1357
1358
1376
1377
1400
1405
1411
1433
1434
1444
1445
1457
1463
1483
1484
1508
1509
1521
1539
1540
1547
1548
1562
1602
1603
1604
1605
1612
1613
1617
1620
1623
1639
1640
1647
1648
1649
1665
1666
1667
1668
1704
1721
1722
1742
1743
1767
1768
1784
1785
1788
1789
1798
1803
1804
1811
1812
1813
1814
1815
1816
1823
1838
1839
1856
1880
1881
1882
1890
1891
1904
1909
1912
1913
1914
1915
1965
1982
1988
1989
1992
1996
1997
1998
2002
2003
2004
2022
2023
2024
2028
2029
2034
2035
2054
2058
2060
2075
2076
2077
2078
2086
2117
2126
2142
2167
2173
2174
2175
2176
2179
2184
2185
2186
2187
2196
2197
2198
2199
2208
2209
2210
2211
2220
2221
2222
2223
2269
2277
2284
2290
2291
2294
2295
2313
2314
2315
2316
2332
2334
2338
2339
2347
2348
2349
2350
2360
2361
2366
2367
2374
2375
2384
2398
2399
2400
2401
2446
2451
2452
2483
2498
2499
2500
2504
2505
2517
2539
2540
2545
2546
2553
2554
2558
2563
2596
2597
2598
2601
2603
2604
2616
2622
2635
2638
2639
2649
2652
2656
2657
2666
2667
2673
2677
2683
2701
2702
2703
2704
2727
2728
2729
2730
2731
2740
2746
2764
2765
2766
2767
2768
2769
2770
2771
2776
2777
2778
2779
2785
2787
2788
2795
2796
2797
2798
2814
2815
2816
2817
2844
2846
2900
2911
2925
2926
2927
2928
2933
2934
2935
2936
2945
2946
2947
2948
2949
2950
2951
2952
2963
2964
2965
2966
2975
2976
2977
2978
2992
2993
2994
2995
2996
3001
3002
3003
3004
3036
3045
3046
3047
3048
3085
3086
3087
3088
3091
3093
3100
3102
3137
3138
3139
3140
3168
3169
3170
3171
3179
3183
3186
3187
3197
3198
3199
3204
3208
3211
3214
3236
3237
3238
3239
3248
3249
3250
3251
3274
3275
3276
3277
3284
3287
3295
3296
3297
3298
3304
3305
3306
3307
3328
3329
3330
3331
3332
3333
3334
3335
3339
3341
3348
3349
3350
3351
3388
3389
3390
3391
3394
3399
3408
3422
3426
3441
3442
3451
3454
3487
3488
3489
3490
3491
3492
3493
3494
3513
3514
3515
3516
3525
3534
3535
3536
3537
3543
3544
3545
3546
3559
3560
3561
3562
3591
3592
3593
3594
3623
3624
3625
3626
3633
3634
3637
3638
3642
3649
3726
3764
3769
3771
3775
3776
3787
3788
3792
3797
3800
3801
3803
3833
3834
3835
3836
3859
3860
3861
3862
3869
3901
3902
3903
3904
3917
3918
3919
3920
3937
3938
3939
3940
3961
3962
3963
3964
3969
3970
3971
3972
3983
3984
3988
3995
3999
4001
4013
4019
4163
4169
4172
4173
4178
4179
4189
4190
4194
4195
4197
4206
4224
4225
4226
4227
4247
4248
4249
4250
4256
4257
4259
4271
4280
4281
4282
4283
4284
4285
4286
4287
4313
4314
4315
4316
4345
4346
4347
4348
4359
4371
4388
4430
4434
4436
4442
4444
4465
4470
4473
4474
4476
4477
4512
4516
4517
4518
4519
4525
4537
4546
4547
4548
4549
4569
4594
4595
4596
4597
4602
4603
4604
4605
4623
4625
4635
4651
4653
4661
4663
4673
4674
4689
4692
4713
4714
4715
4716
4749
4757
4775
4776
4777
4778
4791
4793
4845
4847
4851
4854
4857
4869
4871
4872
4877
4884
4887
4900
4904
4912
4914
4936
4940
4943
4964
4965
4966
4967
4979
4988
4989
4990
4991
4998
5000
5010
5011
5012
5013
5026
5027
5028
5029
5051
5052
5053
5054
5075
5076
5077
5078
5087
5088
5089
5090
5096
5108
5117
5125
5127
5153
5156
5173
5174
5175
5176
5181
5182
5183
5184
5197
5198
5199
5200
5203
5205
5213
5223
5224
5225
5226
5248
5249
5250
5251
5272
5273
5274
5275
5293
5295
5299
5302
5329
5366
5371
5373
5376
5402
5405
5447
5448
5449
5450
5453
5455
5459
5463
5486
5487
5488
5489
5522
5523
5524
5525
5534
5535
5536
5537
5543
5555
5585
5586
5587
5602
5609
5612
5626
5627
5633
5638
5641
5668
5669
5670
5671
5686
5688
5692
5696
5711
5712
5713
5714
5723
5724
5725
5726
5731
5732
5733
5734
5739
5740
5741
5742
5767
5768
5769
5770
5776
5782
5788
5810
5811
5813
5818
5847
5848
5849
5850
5851
5852
6053
6056
6059
6071
6076
6097
6102
6105
6108
6135
6136
6137
6138
6143
6144
6145
6146
6151
6155
6197
6198
6199
6200
6242
6248
6251
6285
6288
6298
6304
6305
6324
6328
6330
6345
6346
6347
6348
6357
6358
6359
6360
6365
6366
6367
6368
6371
6373
6377
6381
6383
6411
6412
6413
6414
6419
6420
6421
6422
6455
6456
6457
6458
6476
6561
6566
6587
6636
6637
6638
6639
6644
6648
6654
6665
6666
6667
6668
6677
6678
6679
6680
6738
6744
6760
6761
6762
6763
6768
6769
6770
6772
6775
6778
6808
6818
6828
6838
6839
6849
6858
6898
6899
6900
6901
6904
6906
6927
6928
6929
6930
6939
6940
6941
6942
6955
6956
6957
6958
6963
6964
6965
6966
6991
6992
6993
6994
7007
7018
7019
7020
7021
7030
7031
7032
7040
7045
7076
7079
7087
7088
7089
7098
7101
7108
7144
7147
7168
7169
7170
7171
7180
7181
7182
7183
7193
7196
7213
7214
7215
7216
7229
7230
7231
7232
7269
7270
7271
7272
7296
7302
7308
7309
7334
7340
7347
7353
7357
7362
7378
7383
7397
7398
7404
7409
7413
7445
7446
7447
7448
7453
7454
7455
7456
7458
7461
7464
7482
7483
7484
7485
7546
7547
7548
7549
7561
7568
7573
7574
7575
7576
7592
7606
7609
7616
7619
7645
7648
7651
7669
7670
7671
7672
7681
7682
7683
7684
7694
7730
7731
7732
7733
7754
7755
7756
7757
7786
7787
7788
7789
7832
7842
7856
7857
7863
7868
7871
7874
7904
7905
7906
7907
7912
7913
7914
7915
7917
7920
7941
7942
7943
7944
7961
7962
7963
7964
7977
7978
7979
7980
8024
8026
8048
8051
8054
8059
8060
8061
8062
8063
8064
8065
8066
8067
8068
8069
8070
8071
8072
8073
8074
8075
8076
8081
8087
8088
8104
8122
8136
8137
8143
8148
8151
8172
8173
8174
8175
8184
8185
8186
8187
8197
8200
8237
8238
8239
8240
8257
8258
8259
8260
8265
8266
8267
8268
8294
8300
8312
8313
8314
8315
8341
8349
8360
8367
8370
8396
8399
8402
8432
8433
8434
8435
8445
8448
8489
8490
8491
8492
8544
8554
8560
8561
8562
8563
8580
8581
8582
8590
8602
8619
8620
8634
8637
8655
8656
8657
8658
8667
8668
8669
8670
8683
8716
8717
8718
8719
8748
8749
8750
8751
8830
8832
8837
8851
8852
8853
8854
8865
8889
8896
8945
8948
8962
8963
8969
8974
8977
8998
8999
9000
9001
9023
9026
9047
9048
9049
9050
9059
9060
9061
9062
9063
9064
9065
9066
9091
9092
9093
9094
9111
9112
9113
9114
9125
9130
9132
9146
9147
9148
9149
9158
9168
9194
9215
9220
9226
9260
9261
9262
9263
9272
9309
9310
9311
9312
9329
9330
9331
9332
9368
9371
9392
9393
9394
9395
9396
9397
9398
9400
9443
9444
9446
9484
9491
9494
9508
9509
9515
9520
9560
9561
9562
9563
9569
9572
9605
9606
9607
9608
9613
9614
9615
9616
9668
9671
9706
9717
9720
9721
9724
9725
9806
9809
9955
9956
9962
9965
9986
9994
9997
10007
10008
10009
10010
10023
10024
10025
10026
10031
10032
10033
10034
10040
10043
10046
10064
10065
10066
10067
10080
10081
10082
10083
10100
10101
10102
10103
10139
10142
10167
10168
10171
10174
10223
10227
10234
10237
10251
10252
10258
10263
10266
10269
10279
10280
10281
10282
10303
10304
10305
10306
10312
10315
10348
10349
10350
10351
10352
10353
10354
10355
10380
10381
10382
10383
10400
10401
10402
10403
10409
10411
10414
10421
10449
10452
10455
10486
10491
10493
10496
10522
10528
10562
10563
10564
10565
10571
10574
10578
10615
10616
10617
10618
10670
10680
10686
10687
10688
10689
10702
10705
10725
10736
10738
10741
10748
10769
10780
10814
10815
10816
10817
10823
10829
10859
10860
10861
10862
10891
10892
10893
10894
10899
10900
10901
10902
10920
10923
10925
10938
10939
10940
10941
10960
10964
10965
10967
10968
11360
11361
11362
11363
11366
11367
11410
11411
11416
11417
11420
11421
11427
11432
11435
11438
11439
11472
11473
11474
11475
11521
11522
11523
11524
11590
11604
11605
11606
11607
11636
11645
11662
11663
11664
11665
11666
11667
11668
11669
11670
11671
11672
11673
11674
11675
11676
11677
11698
11701
11704
11707
11728
11733
11738
11748
11749
11859
11860
11861
11862
11867
11868
11869
11870
11912
11917
11930
11931
11932
11933
11953
11965
12007
12012
12014
12043
12084
12085
12086
12087
12093
12138
12139
12140
12141
12146
12147
12148
12149
12182
12183
12184
12185
12191
12201
12231
12268
12281
12282
12283
12284
12285
12286
12294
12299
12314
12315
12318
12319
12330
12333
12347
12348
12349
12350
12381
12421
12422
12423
12424
12449
12450
12451
12452
12461
12462
12463
12464
12478
12484
12490
12519
12522
12566
12567
12569
12580
12588
12592
12602
12679
12682
12712
12713
12714
12715
12724
12725
12726
12727
12777
12780
12782
12787
12813
12818
12822
12830
12832
12891
12892
12893
12894
12903
12904
12905
12906
12908
12911
12914
12929
12930
12931
12932
12941
12942
12943
12944
12949
12950
12951
12952
13006
13011
13013
13019
13051
13054
13069
13070
13078
13092
13098
13106
13122
13127
13175
13177
13183
13185
13206
13212
13215
13217
13244
13245
13246
13247
13256
13257
13258
13259
13262
13264
13267
13294
13295
13296
13297
13330
13331
13332
13333
13338
13339
13340
13341
13389
13390
13391
13392
13402
13411
13414
13419
13427
13430
13452
13456
13497
13498
13499
13500
13507
13511
13532
13533
13534
13535
13548
13549
13550
13551
13584
13585
13586
13587
13613
13787
13797
13809
13817
13820
13846
13849
13879
13880
13881
13882
13887
13888
13889
13890
13937
13938
13939
13940
13957
13958
13959
13960
13996
14043
14075
14086
14107
14112
14145
14146
14147
14148
14153
14154
14155
14156
14162
14195
14196
14197
14198
14203
14204
14205
14206
14207
14208
14209
14210
14211
14212
14213
14214
14247
14248
14249
14250
14267
14273
14291
14307
14349
14350
14356
14366
14388
14392
14395
14398
14406
14413
14414
14415
14416
14442
14446
14448
14475
14476
14477
14478
14483
14484
14485
14486
14543
14580
14583
14620
14621
14629
14636
14640
14655
14656
14672
14677
14680
14710
14711
14712
14713
14722
14723
14724
14725
14760
14761
14762
14763
14768
14769
14770
14771
14792
14793
14794
14795
14796
14797
14798
14799
14816
14817
14818
14819
14828
14838
14851
14852
14853
14854
14855
14904
14911
14917
14946
14952
14957
14973
14974
14983
14986
14989
14997
15024
15025
15026
15027
15033
15036
15074
15075
15076
15077
15098
15099
15100
15101
15134
15167
15355
15358
15377
15380
15392
15393
15410
15427
15428
15429
15430
15447
15448
15449
15450
15470
15497
15498
15499
15500
15541
15542
15543
15544
15564
15567
15606
15610
15619
15645
15648
15652
15690
15691
15692
15693
15695
15698
15736
15737
15738
15739
15756
15757
15758
15759
15764
15765
15766
15767
15800
15812
15890
15910
15914
15922
15925
15945
15954
15975
15983
15987
16001
16002
16003
16004
16021
16022
16023
16024
16025
16026
16027
16028
16033
16071
16072
16073
16074
16099
16100
16101
16102
16135
16138
16180
16191
16211
16214
16230
16231
16235
16243
16246
16290
16335
16336
16337
16338
16367
16368
16369
16370
16379
16380
16381
16382
16389
16399
16401
16402
16403
16404
16405
16406
16407
16408
16417
16420
16421
16423
16426
16433
16439
16442
16458
16463
16503
16539
16584
16585
16586
16587
16608
16609
16610
16611
16616
16617
16618
16619
16628
16629
16630
16631
16645
16650
16653
16716
16718
16728
16795
16796
16797
16798
16799
16800
16801
16802
16804
16810
16818
16845
16846
16847
16848
16873
16874
16875
16876
16881
16882
16883
16884
16908
16929
16930
16931
16932
16938
16942
16956
16958
16960
16968
16994
17001
17039
17040
17041
17042
17044
17047
17050
17058
17085
17086
17087
17088
17093
17094
17095
17096
17097
17098
17099
17100
17105
17106
17107
17108
17109
17110
17111
17112
17121
17122
17123
17124
17155
17169
17170
17171
17172
17177
17182
17192
17194
17215
17220
17225
17230
17234
17235
17239
17276
17292
17293
17297
17302
17305
17308
17316
17327
17328
17329
17330
17335
17336
17337
17338
17347
17348
17349
17350
17358
17393
17394
17395
17396
17417
17418
17419
17420
17441
17442
17443
17444
17466
17473
17480
17483
17512
17515
17562
17604
17605
17606
17607
17624
17625
17626
17627
17692
17697
17701
17705
17708
17711
17715
17727
17729
17734
17738
17741
17751
17767
17768
17781
17818
17819
17820
17821
17822
17823
17824
17825
17827
17833
17868
17869
17870
17871
17920
17921
17922
17923
17957
17968
17973
17974
17981
17987
18004
18009
18011
18036
18047
18061
18062
18063
18064
18081
18082
18083
18084
18123
18124
18125
18126
18131
18132
18133
18134
18229
18231
18236
18241
18246
18267
18272
18275
18278
18286
18293
18294
18295
18296
18313
18314
18315
18316
18325
18367
18368
18369
18370
18387
18388
18389
18390
18443
18448
18451
18454
18458
18463
18470
18471
18478
18482
18488
18495
18498
18504
18520
18521
18525
18530
18533
18537
18563
18564
18565
18566
18583
18625
18626
18627
18628
18684
18694
18697
18701
18718
18721
18772
18779
18782
18808
18811
18841
18842
18843
18844
18849
18850
18851
18852
18862
18899
18900
18901
18902
18927
18928
18929
18930
18951
18952
18953
18954
18982
18983
18984
18985
19002
19032
19048
19049
19061
19091
19092
19093
19094
19099
19100
19101
19102
19111
19115
19129
19130
19131
19132
19149
19150
19151
19152
19206
19213
19216
19227
19230
19247
19250
19262
19268
19274
19287
19297
19302
19324
19352
19353
19354
19355
19377
19384
19410
19411
19412
19413
19418
19419
19420
19421
19442
19443
19444
19445
19446
19447
19448
19449
19466
19467
19468
19469
19483
19508
19559
19561
19565
19568
19572
19575
19587
19613
19620
19623
19699
19702
19706
19740
19741
19742
19743
19830
19840
19848
19854
19920
19921
19922
19923
19935
19943
19962
19963
19964
19965
20056
20066
20069
20072
20079
20087
20129
20138
20160
20213
20216
20220
20223
20258
20259
20260
20261
20282
20283
20284
20285
20306
20307
20308
20309
20363
20366
20368
20377
20381
20384
20561
20569
20591
20597
20920
20927
20930
20933
20999
21000
21001
21002
21003
21004
21005
21006
21015
21143
21149
21155
21172
21177
21397
21402
21423
21473
21489
21499
21521
21678
21682
21716
21720
21722
21940
22218
22271
