1
2
3
16
18
19
20
33
34
35
36
43
44
45
59
62
69
81
83
93
94
126
127
128
129
130
131
135
136
137
138
139
140
141
142
143
144
145
146
147
148
149
150
151
152
153
154
155
156
157
158
159
160
161
162
163
164
165
166
167
168
169
170
171
172
173
174
175
176
177
178
179
180
181
182
183
184
185
198
199
200
243
244
245
288
289
290
291
292
293
294
295
296
297
298
299
300
301
303
304
305
308
309
310
311
312
313
314
317
318
319
320
321
322
323
324
325
326
327
328
329
354
355
356
357
358
359
360
361
362
363
364
365
395
396
419
420
421
422
423
424
425
426
427
431
432
433
434
435
436
437
438
456
457
458
459
460
461
462
463
464
465
466
467
468
469
470
473
474
475
476
486
487
488
489
490
491
492
493
494
495
496
497
498
499
500
507
510
513
517
519
522
525
529
533
541
575
578
580
623
624
687
726
727
868
869
870
873
874
875
876
887
888
891
892
893
894
895
896
899
900
928
929
930
956
964
968
969
977
978
979
994
995
1005
1006
1007
1008
1009
1034
1035
1036
1037
1038
1039
1040
1041
1042
1049
1050
1057
1058
1083
1084
1085
1098
1099
1100
1101
1112
1113
1114
1115
1116
1145
1157
1160
1175
1176
1179
1182
1183
1192
1193
1205
1206
1207
1218
1220
1221
1224
1225
1226
1239
1242
1245
1253
1256
1257
1260
1261
1284
1293
1294
1295
1296
1297
1298
1305
1309
1316
1329
1332
1338
1339
1340
1341
1352
1353
1354
1367
1368
1369
1382
1383
1384
1385
1394
1397
1399
1401
1402
1403
1404
1406
1407
1410
1412
1424
1425
1426
1439
1441
1448
1449
1456
1458
1461
1470
1479
1480
1489
1490
1493
1496
1505
1512
1513
1520
1522
1523
1524
1525
1528
1537
1538
1543
1545
1549
1560
1563
1566
1567
1568
1572
1573
1574
1597
1598
1601
1610
1611
1616
1618
1621
1622
1641
1642
1643
1644
1645
1646
1700
1703
1712
1723
1724
1731
1732
1737
1746
1747
1752
1753
1758
1765
1766
1771
1772
1779
1796
1799
1800
1805
1806
1807
1808
1809
1810
1819
1822
1828
1829
1840
1841
1845
1848
1849
1854
1870
1871
1872
1873
1874
1875
1876
1883
1892
1893
1898
1899
1908
1926
1927
1930
1940
1941
1942
1943
1944
1945
1948
1949
1950
1951
1952
1963
1966
1967
1981
1984
1985
1986
1987
1994
2001
2002
2007
2008
2013
2014
2015
2016
2017
2018
2025
2030
2031
2048
2049
2052
2055
2057
2059
2068
2071
2072
2073
2074
2085
2087
2089
2098
2101
2102
2103
2104
2122
2123
2124
2125
2128
2133
2134
2135
2136
2137
2138
2139
2140
2141
2143
2145
2146
2147
2148
2149
2173
2177
2178
2180
2181
2182
2183
2192
2193
2194
2195
2204
2205
2206
2207
2216
2217
2218
2219
2228
2229
2230
2231
2256
2257
2258
2268
2270
2271
2272
2274
2282
2285
2292
2293
2298
2299
2304
2309
2310
2323
2324
2331
2333
2335
2340
2343
2344
2345
2346
2357
2364
2365
2372
2373
2379
2394
2395
2396
2397
2410
2411
2412
2413
2414
2415
2422
2423
2426
2427
2428
2430
2431
2437
2444
2484
2485
2486
2489
2496
2497
2501
2502
2510
2512
2516
2519
2520
2521
2522
2523
2536
2543
2544
2551
2552
2557
2559
2561
2570
2574
2575
2576
2577
2578
2587
2588
2589
2590
2591
2592
2599
2617
2618
2630
2633
2648
2651
2654
2655
2660
2661
2664
2665
2672
2676
2679
2682
2685
2686
2687
2688
2697
2698
2699
2700
2709
2710
2711
2712
2723
2724
2725
2726
2732
2739
2742
2745
2748
2749
2750
2751
2760
2761
2762
2763
2772
2773
2774
2775
2786
2789
2791
2792
2793
2794
2799
2800
2801
2802
2810
2811
2812
2813
2826
2827
2828
2829
2842
2845
2848
2851
2854
2862
2870
2871
2872
2875
2878
2881
2882
2887
2888
2891
2892
2899
2904
2909
2910
2913
2914
2915
2916
2921
2922
2923
2924
2929
2930
2931
2932
2941
2942
2943
2944
2959
2960
2961
2962
2967
2979
2982
2985
2986
2988
2989
2990
2991
3009
3010
3011
3012
3021
3022
3023
3024
3035
3037
3041
3042
3043
3044
3049
3050
3051
3052
3057
3058
3059
3060
3073
3074
3075
3076
3089
3094
3095
3098
3101
3104
3121
3122
3123
3124
3125
3126
3129
3130
3131
3132
3133
3134
3144
3145
3162
3172
3173
3174
3175
3176
3177
3178
3181
3182
3190
3191
3194
3195
3202
3207
3210
3213
3216
3217
3218
3219
3224
3225
3226
3227
3232
3233
3234
3235
3244
3245
3246
3247
3262
3263
3264
3265
3270
3282
3285
3288
3289
3291
3292
3293
3294
3312
3313
3314
3315
3324
3325
3326
3327
3338
3340
3344
3345
3346
3347
3352
3353
3354
3355
3360
3361
3362
3363
3368
3369
3370
3371
3376
3377
3378
3379
3392
3397
3398
3401
3404
3411
3412
3413
3414
3421
3424
3425
3433
3434
3437
3438
3445
3450
3453
3456
3459
3460
3461
3462
3467
3468
3469
3470
3475
3476
3477
3478
3483
3484
3485
3486
3501
3502
3503
3504
3510
3521
3524
3527
3528
3530
3531
3532
3533
3551
3552
3553
3554
3567
3568
3569
3570
3581
3583
3587
3588
3589
3590
3595
3596
3597
3598
3603
3604
3605
3606
3611
3612
3613
3614
3619
3620
3621
3622
3635
3640
3641
3644
3647
3658
3767
3770
3773
3774
3779
3780
3783
3784
3791
3796
3799
3802
3805
3806
3807
3808
3821
3822
3823
3824
3829
3830
3831
3832
3846
3847
3848
3849
3850
3856
3867
3870
3873
3876
3877
3878
3879
3897
3898
3899
3900
3913
3914
3915
3916
3925
3927
3929
3933
3934
3935
3936
3941
3942
3943
3944
3949
3950
3951
3952
3981
3986
3987
3990
3993
3996
3997
3998
4004
4006
4008
4010
4012
4014
4016
4018
4021
4023
4025
4026
4029
4162
4164
4167
4170
4171
4176
4177
4180
4181
4188
4193
4196
4199
4202
4203
4204
4205
4207
4208
4209
4210
4215
4216
4217
4218
4223
4237
4238
4239
4240
4241
4244
4255
4258
4261
4262
4264
4265
4266
4267
4276
4277
4278
4279
4292
4301
4303
4305
4309
4310
4311
4312
4317
4318
4319
4320
4325
4326
4327
4328
4333
4334
4335
4336
4341
4342
4343
4344
4357
4362
4363
4366
4369
4385
4386
4392
4429
4433
4439
4440
4443
4446
4447
4452
4453
4456
4457
4464
4469
4472
4475
4478
4479
4480
4481
4482
4483
4484
4489
4490
4491
4492
4507
4508
4509
4510
4511
4513
4524
4527
4530
4531
4532
4533
4534
4535
4542
4543
4544
4545
4566
4568
4570
4574
4575
4576
4577
4582
4583
4584
4585
4590
4591
4592
4593
4598
4599
4600
4601
4606
4607
4608
4609
4622
4627
4628
4631
4634
4649
4652
4658
4659
4662
4665
4666
4671
4672
4675
4676
4683
4688
4691
4694
4697
4698
4699
4700
4701
4702
4703
4704
4709
4710
4711
4712
4727
4729
4734
4745
4748
4751
4752
4753
4754
4755
4756
4763
4764
4765
4766
4787
4790
4792
4796
4797
4798
4799
4804
4805
4806
4807
4812
4813
4814
4815
4820
4821
4822
4823
4832
4833
4834
4835
4844
4849
4850
4853
4856
4868
4870
4873
4876
4879
4882
4885
4890
4893
4896
4899
4903
4909
4910
4913
4916
4917
4922
4923
4926
4927
4934
4939
4942
4945
4948
4949
4950
4951
4952
4953
4954
4955
4960
4961
4962
4963
4978
4980
4981
4982
4983
4985
4996
4999
5002
5003
5004
5005
5006
5007
5014
5015
5016
5017
5038
5041
5043
5047
5048
5049
5050
5055
5056
5057
5058
5063
5064
5065
5066
5071
5072
5073
5074
5083
5084
5085
5086
5095
5100
5101
5104
5107
5110
5111
5112
5113
5114
5115
5116
5122
5123
5126
5129
5130
5135
5136
5139
5140
5147
5152
5155
5158
5161
5162
5163
5164
5165
5166
5167
5168
5187
5189
5190
5191
5192
5194
5201
5204
5207
5208
5209
5210
5211
5212
5235
5238
5240
5244
5245
5246
5247
5252
5253
5254
5255
5260
5261
5262
5263
5268
5269
5270
5271
5280
5281
5282
5283
5292
5297
5298
5301
5304
5307
5308
5309
5310
5315
5316
5317
5318
5330
5365
5370
5372
5375
5378
5379
5384
5385
5388
5389
5396
5401
5404
5407
5408
5409
5410
5413
5417
5418
5423
5424
5425
5426
5431
5432
5433
5434
5451
5454
5458
5460
5462
5464
5468
5474
5475
5476
5477
5494
5495
5496
5497
5502
5503
5504
5505
5510
5511
5512
5513
5518
5519
5520
5521
5530
5531
5532
5533
5542
5547
5548
5551
5554
5557
5558
5559
5560
5561
5562
5563
5564
5574
5575
5576
5578
5580
5584
5589
5591
5592
5593
5601
5606
5608
5611
5614
5615
5620
5621
5624
5625
5632
5637
5640
5643
5646
5650
5651
5656
5657
5658
5659
5664
5665
5666
5667
5684
5687
5691
5693
5695
5697
5701
5707
5708
5709
5710
5727
5728
5729
5730
5735
5736
5737
5738
5743
5744
5745
5746
5751
5752
5753
5754
5763
5764
5765
5766
5775
5780
5781
5784
5787
5790
5791
5792
5793
5794
5795
5796
5797
5809
5812
5816
5819
5820
5825
5826
5827
5857
5858
5859
5860
6055
6058
6061
6064
6065
6070
6072
6075
6078
6079
6084
6085
6088
6089
6096
6101
6104
6107
6110
6113
6114
6119
6120
6121
6122
6127
6128
6129
6130
6131
6132
6133
6134
6147
6150
6154
6156
6158
6160
6164
6165
6166
6167
6173
6174
6175
6176
6177
6178
6179
6180
6193
6194
6195
6196
6201
6202
6203
6204
6209
6210
6211
6212
6217
6218
6219
6220
6229
6230
6231
6232
6241
6246
6247
6250
6253
6256
6257
6258
6259
6260
6261
6262
6263
6275
6276
6277
6281
6282
6283
6284
6287
6292
6294
6297
6300
6301
6306
6307
6310
6311
6318
6323
6326
6329
6332
6335
6336
6341
6342
6343
6344
6349
6350
6351
6352
6353
6354
6355
6356
6369
6372
6376
6378
6380
6382
6386
6387
6388
6389
6395
6396
6397
6398
6399
6400
6401
6402
6415
6416
6417
6418
6423
6424
6425
6426
6431
6432
6433
6434
6439
6440
6441
6442
6463
6468
6469
6472
6475
6478
6479
6480
6481
6482
6483
6484
6485
6497
6498
6499
6500
6501
6502
6503
6504
6505
6506
6507
6508
6509
6510
6511
6512
6513
6514
6515
6516
6517
6518
6519
6520
6521
6522
6523
6524
6525
6526
6560
6562
6565
6568
6569
6572
6573
6578
6579
6586
6591
6594
6597
6600
6603
6604
6612
6613
6614
6615
6620
6621
6622
6623
6624
6625
6626
6627
6640
6643
6647
6649
6651
6653
6657
6658
6659
6660
6669
6670
6671
6672
6673
6674
6675
6676
6689
6690
6691
6692
6697
6698
6699
6700
6705
6706
6707
6708
6713
6714
6715
6716
6725
6726
6727
6728
6737
6742
6743
6746
6749
6752
6753
6754
6755
6756
6757
6758
6759
6771
6774
6777
6780
6781
6782
6783
6784
6785
6790
6791
6796
6797
6812
6814
6815
6816
6817
6822
6824
6827
6830
6831
6834
6835
6840
6841
6848
6853
6856
6859
6862
6865
6866
6874
6875
6876
6877
6882
6883
6884
6885
6886
6887
6888
6889
6902
6905
6909
6911
6913
6915
6919
6920
6921
6922
6931
6932
6933
6934
6935
6936
6937
6938
6951
6952
6953
6954
6959
6960
6961
6962
6967
6968
6969
6970
6975
6976
6977
6978
6987
6988
6989
6990
6999
7004
7005
7008
7011
7014
7015
7016
7017
7022
7023
7024
7025
7033
7036
7039
7046
7047
7048
7052
7053
7054
7058
7059
7060
7061
7062
7063
7064
7065
7066
7070
7071
7072
7073
7074
7086
7090
7095
7096
7107
7112
7114
7117
7120
7121
7124
7125
7130
7131
7138
7143
7146
7149
7152
7155
7156
7164
7165
7166
7167
7172
7173
7174
7175
7176
7177
7178
7179
7192
7195
7198
7201
7203
7205
7209
7210
7211
7212
7221
7222
7223
7224
7225
7226
7227
7228
7241
7242
7243
7244
7249
7250
7251
7252
7257
7258
7259
7260
7265
7266
7267
7268
7277
7278
7279
7280
7289
7294
7295
7298
7301
7304
7305
7312
7313
7314
7315
7323
7326
7329
7335
7336
7339
7343
7346
7349
7352
7355
7360
7361
7364
7367
7368
7371
7372
7377
7379
7382
7385
7386
7389
7390
7395
7396
7403
7408
7411
7414
7417
7420
7421
7429
7430
7431
7432
7437
7438
7439
7440
7441
7442
7443
7444
7457
7460
7463
7466
7468
7470
7474
7475
7476
7477
7486
7487
7488
7489
7490
7491
7492
7493
7506
7507
7508
7509
7514
7515
7516
7517
7522
7523
7524
7525
7530
7531
7532
7533
7542
7543
7544
7545
7554
7559
7560
7563
7566
7569
7570
7571
7572
7577
7578
7579
7580
7588
7591
7594
7600
7601
7602
7605
7607
7608
7613
7615
7618
7621
7622
7625
7626
7631
7632
7639
7644
7647
7650
7653
7656
7657
7665
7666
7667
7668
7673
7674
7675
7676
7677
7678
7679
7680
7693
7696
7699
7702
7704
7706
7710
7711
7712
7713
7722
7723
7724
7725
7726
7727
7728
7729
7742
7743
7744
7745
7750
7751
7752
7753
7758
7759
7760
7761
7766
7767
7768
7769
7778
7779
7780
7781
7790
7795
7796
7799
7802
7805
7806
7807
7808
7813
7814
7815
7816
7824
7825
7831
7836
7838
7841
7844
7845
7848
7849
7854
7855
7862
7867
7870
7873
7876
7879
7880
7888
7889
7890
7891
7896
7897
7898
7899
7900
7901
7902
7903
7916
7919
7922
7925
7927
7929
7933
7934
7935
7936
7945
7946
7947
7948
7949
7950
7951
7952
7965
7966
7967
7968
7973
7974
7975
7976
7981
7982
7983
7984
7989
7990
7991
7992
8001
8002
8003
8004
8013
8018
8019
8022
8025
8028
8029
8030
8031
8036
8037
8038
8039
8047
8050
8053
8077
8080
8082
8083
8084
8085
8086
8090
8091
8092
8093
8094
8098
8099
8100
8101
8102
8103
8107
8110
8111
8116
8118
8121
8124
8125
8128
8129
8134
8135
8142
8147
8150
8153
8156
8159
8160
8168
8169
8170
8171
8176
8177
8178
8179
8180
8181
8182
8183
8196
8199
8202
8205
8207
8209
8213
8214
8215
8216
8225
8226
8227
8228
8229
8230
8231
8232
8245
8246
8247
8248
8253
8254
8255
8256
8261
8262
8263
8264
8269
8270
8271
8272
8273
8274
8275
8276
8277
8278
8279
8280
8293
8298
8299
8302
8305
8308
8309
8310
8311
8316
8317
8318
8319
8328
8332
8336
8340
8344
8348
8352
8353
8359
8364
8366
8369
8372
8373
8376
8377
8382
8383
8390
8395
8398
8401
8404
8407
8408
8416
8417
8418
8419
8424
8425
8426
8427
8428
8429
8430
8431
8444
8447
8450
8453
8455
8457
8461
8462
8463
8464
8473
8474
8475
8476
8477
8478
8479
8480
8493
8494
8495
8496
8501
8502
8503
8504
8509
8510
8511
8512
8517
8518
8519
8520
8521
8522
8523
8524
8525
8526
8527
8528
8541
8546
8548
8551
8553
8556
8557
8558
8559
8564
8565
8566
8567
8576
8577
8578
8579
8588
8591
8594
8599
8601
8604
8607
8608
8611
8612
8617
8618
8625
8630
8633
8636
8639
8642
8643
8651
8652
8653
8654
8659
8660
8661
8662
8663
8664
8665
8666
8679
8682
8685
8688
8690
8692
8696
8697
8698
8699
8708
8709
8710
8711
8712
8713
8714
8715
8728
8729
8730
8731
8736
8737
8738
8739
8744
8745
8746
8747
8824
8829
8831
8834
8836
8839
8840
8841
8842
8847
8848
8849
8850
8860
8864
8868
8872
8876
8877
8878
8890
8937
8942
8944
8947
8950
8951
8954
8955
8960
8961
8968
8973
8976
8979
8982
8984
8986
8994
8995
8996
8997
9002
9003
9004
9005
9006
9007
9008
9009
9022
9025
9028
9031
9033
9035
9039
9040
9041
9042
9051
9052
9053
9054
9055
9056
9057
9058
9071
9072
9073
9074
9079
9080
9081
9082
9087
9088
9089
9090
9095
9096
9097
9098
9099
9100
9101
9102
9103
9104
9105
9106
9119
9124
9126
9129
9131
9134
9135
9136
9137
9142
9143
9144
9145
9153
9154
9155
9161
9162
9163
9166
9177
9178
9179
9183
9188
9190
9193
9196
9197
9200
9201
9206
9207
9214
9219
9222
9225
9228
9231
9232
9240
9241
9242
9243
9248
9249
9250
9251
9252
9253
9254
9255
9268
9271
9274
9277
9280
9281
9289
9290
9291
9292
9297
9298
9299
9300
9301
9302
9303
9304
9317
9318
9319
9320
9325
9326
9327
9328
9333
9334
9335
9336
9365
9370
9372
9375
9377
9380
9381
9382
9383
9388
9389
9390
9391
9399
9434
9436
9437
9439
9442
9445
9448
9470
9483
9488
9490
9493
9496
9497
9500
9501
9506
9507
9514
9519
9522
9525
9528
9531
9532
9540
9541
9542
9543
9548
9549
9550
9551
9552
9553
9554
9555
9568
9571
9574
9577
9580
9581
9589
9590
9591
9592
9597
9598
9599
9600
9601
9602
9603
9604
9617
9618
9619
9620
9625
9626
9627
9628
9633
9634
9635
9636
9641
9642
9643
9644
9645
9646
9647
9648
9649
9650
9651
9652
9665
9670
9672
9675
9677
9680
9681
9682
9683
9688
9689
9690
9691
9699
9703
9705
9707
9708
9715
9719
9722
9723
9730
9735
9738
9747
9749
9750
9753
9754
9755
9756
9757
9758
9759
9761
9762
9763
9764
9765
9766
9767
9804
9805
9808
9954
9959
9961
9964
9967
9968
9971
9972
9977
9978
9985
9990
9993
9996
9999
10002
10003
10011
10012
10013
10014
10019
10020
10021
10022
10027
10028
10029
10030
10039
10042
10045
10048
10050
10052
10060
10061
10062
10063
10068
10069
10070
10071
10072
10073
10074
10075
10088
10089
10090
10091
10096
10097
10098
10099
10104
10105
10106
10107
10112
10113
10114
10115
10116
10117
10118
10119
10120
10121
10122
10123
10136
10141
10143
10146
10148
10149
10150
10151
10156
10157
10158
10159
10169
10172
10175
10178
10186
10225
10226
10231
10233
10236
10239
10240
10243
10244
10249
10250
10257
10262
10265
10268
10271
10274
10275
10283
10284
10285
10286
10291
10292
10293
10294
10299
10300
10301
10302
10311
10314
10317
10320
10323
10324
10332
10333
10334
10335
10340
10341
10342
10343
10344
10345
10346
10347
10360
10361
10362
10363
10368
10369
10370
10371
10376
10377
10378
10379
10384
10385
10386
10387
10392
10393
10394
10395
10396
10397
10398
10399
10408
10413
10415
10418
10420
10423
10424
10425
10426
10431
10432
10433
10434
10442
10445
10448
10451
10454
10457
10458
10459
10460
10461
10476
10477
10478
10479
10480
10481
10483
10484
10485
10490
10492
10495
10498
10499
10502
10503
10508
10509
10516
10521
10524
10527
10530
10533
10534
10542
10543
10544
10545
10550
10551
10552
10553
10558
10559
10560
10561
10570
10573
10576
10579
10582
10583
10591
10592
10593
10594
10599
10600
10601
10602
10603
10604
10605
10606
10619
10620
10621
10622
10627
10628
10629
10630
10635
10636
10637
10638
10643
10644
10645
10646
10651
10652
10653
10654
10655
10656
10657
10658
10667
10672
10674
10677
10679
10682
10683
10684
10685
10690
10691
10692
10693
10701
10704
10707
10710
10713
10716
10719
10726
10729
10732
10735
10737
10742
10744
10747
10750
10751
10754
10755
10760
10761
10768
10773
10776
10779
10782
10785
10786
10794
10795
10796
10797
10802
10803
10804
10805
10810
10811
10812
10813
10822
10825
10828
10831
10834
10835
10843
10844
10845
10846
10851
10852
10853
10854
10855
10856
10857
10858
10871
10872
10873
10874
10879
10880
10881
10882
10887
10888
10889
10890
10895
10896
10897
10898
10903
10904
10905
10906
10907
10908
10909
10910
10924
10926
10929
10931
10934
10935
10936
10937
10942
10943
10944
10945
10955
10956
10957
10958
10959
10961
10962
10963
11344
11345
11346
11347
11348
11349
11368
11369
11370
11371
11372
11373
11374
11376
11377
11378
11379
11380
11381
11393
11394
11395
11400
11402
11405
11408
11409
11414
11415
11418
11419
11426
11431
11434
11437
11440
11443
11444
11452
11453
11454
11455
11460
11461
11462
11463
11468
11469
11470
11471
11480
11483
11486
11489
11492
11493
11501
11502
11503
11504
11509
11510
11511
11512
11517
11518
11519
11520
11529
11530
11531
11532
11537
11538
11539
11540
11545
11546
11547
11548
11553
11554
11555
11556
11561
11562
11563
11564
11565
11566
11567
11568
11577
11582
11584
11587
11589
11592
11593
11594
11595
11600
11601
11602
11603
11632
11635
11638
11641
11644
11648
11649
11694
11697
11700
11703
11706
11709
11712
11713
11714
11715
11717
11722
11724
11725
11726
11727
11732
11734
11737
11740
11741
11746
11747
11750
11751
11758
11763
11766
11769
11772
11775
11776
11777
11785
11786
11787
11788
11793
11794
11795
11796
11801
11802
11803
11804
11813
11816
11819
11822
11825
11826
11827
11831
11832
11833
11834
11843
11844
11845
11846
11851
11852
11853
11854
11863
11864
11865
11866
11871
11872
11873
11874
11879
11880
11881
11882
11887
11888
11889
11890
11891
11892
11893
11894
11899
11900
11901
11902
11911
11916
11918
11921
11923
11926
11927
11928
11929
11934
11935
11936
11937
11946
11949
11952
11955
11961
11964
12004
12005
12006
12011
12013
12016
12019
12020
12025
12026
12029
12030
12037
12042
12045
12048
12051
12054
12055
12056
12064
12065
12066
12067
12072
12073
12074
12075
12080
12081
12082
12083
12092
12095
12098
12101
12104
12105
12106
12110
12111
12112
12113
12122
12123
12124
12125
12130
12131
12132
12133
12142
12143
12144
12145
12150
12151
12152
12153
12158
12159
12160
12161
12166
12167
12168
12169
12170
12171
12172
12173
12190
12195
12197
12200
12202
12205
12206
12207
12208
12213
12214
12215
12216
12225
12229
12232
12235
12266
12267
12270
12271
12272
12273
12274
12293
12298
12300
12303
12306
12307
12312
12313
12316
12317
12324
12329
12332
12335
12338
12341
12342
12343
12351
12352
12353
12354
12359
12360
12361
12362
12367
12368
12369
12370
12379
12382
12385
12388
12391
12392
12393
12397
12398
12399
12400
12409
12410
12411
12412
12417
12418
12419
12420
12429
12430
12431
12432
12437
12438
12439
12440
12445
12446
12447
12448
12453
12454
12455
12456
12457
12458
12459
12460
12477
12482
12483
12487
12489
12492
12493
12494
12495
12496
12497
12502
12503
12504
12505
12506
12507
12508
12509
12518
12521
12571
12572
12573
12574
12575
12576
12577
12578
12579
12582
12586
12589
12591
12596
12598
12601
12604
12605
12610
12611
12614
12615
12622
12627
12630
12633
12636
12639
12640
12641
12649
12650
12651
12652
12657
12658
12659
12660
12665
12666
12667
12668
12677
12678
12681
12684
12687
12690
12691
12692
12696
12697
12698
12699
12708
12709
12710
12711
12716
12717
12718
12719
12728
12729
12730
12731
12736
12737
12738
12739
12744
12745
12746
12747
12776
12781
12783
12786
12788
12791
12792
12793
12794
12799
12800
12801
12802
12811
12817
12820
12821
12826
12828
12831
12834
12835
12840
12841
12844
12845
12852
12857
12860
12863
12866
12869
12870
12871
12879
12880
12881
12882
12887
12888
12889
12890
12895
12896
12897
12898
12907
12910
12913
12916
12919
12920
12921
12925
12926
12927
12928
12937
12938
12939
12940
12945
12946
12947
12948
12957
12958
12959
12960
12965
12966
12967
12968
12973
12974
12975
12976
12981
12982
12983
12984
12989
12990
12991
12992
13005
13010
13012
13015
13017
13020
13021
13022
13023
13028
13029
13030
13031
13040
13043
13046
13048
13049
13050
13056
13057
13058
13059
13060
13077
13081
13084
13086
13091
13095
13096
13100
13105
13111
13113
13114
13119
13123
13126
13165
13166
13174
13179
13181
13184
13187
13188
13193
13194
13197
13198
13205
13210
13213
13216
13219
13222
13223
13224
13232
13233
13234
13235
13240
13241
13242
13243
13248
13249
13250
13251
13260
13263
13266
13269
13272
13273
13274
13278
13279
13280
13281
13290
13291
13292
13293
13298
13299
13300
13301
13310
13311
13312
13313
13318
13319
13320
13321
13326
13327
13328
13329
13334
13335
13336
13337
13342
13343
13344
13345
13358
13363
13365
13368
13370
13373
13374
13375
13376
13385
13386
13387
13388
13397
13398
13399
13400
13401
13405
13406
13407
13408
13412
13416
13417
13418
13424
13426
13429
13432
13433
13438
13439
13442
13443
13450
13455
13458
13461
13464
13467
13468
13469
13477
13478
13479
13480
13485
13486
13487
13488
13493
13494
13495
13496
13505
13506
13509
13512
13515
13518
13519
13520
13524
13525
13526
13527
13536
13537
13538
13539
13544
13545
13546
13547
13556
13557
13558
13559
13564
13565
13566
13567
13572
13573
13574
13575
13580
13581
13582
13583
13588
13589
13590
13591
13604
13609
13611
13614
13616
13631
13632
13633
13634
13775
13778
13780
13783
13785
13796
13808
13814
13816
13819
13822
13823
13828
13829
13832
13833
13840
13845
13848
13851
13854
13857
13858
13859
13863
13864
13865
13866
13875
13876
13877
13878
13883
13884
13885
13886
13895
13898
13901
13904
13907
13908
13909
13913
13914
13915
13916
13925
13926
13927
13928
13933
13934
13935
13936
13945
13946
13947
13948
13953
13954
13955
13956
13961
13962
13963
13964
13969
13970
13971
13972
13977
13978
13979
13980
13993
13998
14000
14003
14005
14033
14037
14039
14042
14044
14051
14053
14054
14055
14056
14057
14058
14059
14060
14061
14062
14063
14064
14065
14066
14067
14068
14069
14070
14071
14072
14073
14074
14080
14082
14085
14088
14089
14094
14095
14098
14099
14106
14111
14114
14117
14120
14123
14124
14125
14129
14130
14131
14132
14141
14142
14143
14144
14149
14150
14151
14152
14161
14164
14167
14170
14173
14174
14175
14179
14180
14181
14182
14191
14192
14193
14194
14199
14200
14201
14202
14235
14236
14237
14238
14243
14244
14245
14246
14251
14252
14253
14254
14259
14265
14266
14270
14272
14275
14276
14277
14278
14283
14284
14285
14286
14301
14305
14309
14342
14343
14344
14348
14353
14359
14361
14365
14368
14369
14374
14375
14378
14379
14386
14391
14394
14397
14400
14403
14404
14405
14409
14410
14411
14412
14421
14422
14423
14424
14429
14430
14431
14432
14441
14444
14447
14450
14453
14454
14455
14459
14460
14461
14462
14471
14472
14473
14474
14479
14480
14481
14482
14515
14516
14517
14518
14523
14524
14525
14526
14531
14532
14533
14534
14539
14544
14546
14549
14551
14554
14555
14556
14557
14562
14563
14564
14565
14574
14576
14579
14582
14608
14609
14610
14611
14627
14628
14630
14632
14633
14637
14638
14639
14645
14647
14650
14653
14654
14659
14660
14663
14664
14671
14676
14679
14682
14685
14688
14689
14690
14694
14695
14696
14697
14706
14707
14708
14709
14714
14715
14716
14717
14726
14729
14732
14735
14738
14739
14740
14744
14745
14746
14747
14756
14757
14758
14759
14764
14765
14766
14767
14776
14777
14778
14779
14784
14785
14786
14787
14788
14789
14790
14791
14824
14829
14831
14833
14836
14839
14840
14841
14842
14847
14848
14849
14850
14890
14891
14903
14906
14909
14912
14914
14916
14945
14951
14953
14956
14961
14962
14965
14966
14971
14972
14977
14982
14985
14988
14991
14994
14995
14996
15000
15001
15002
15003
15012
15013
15014
15015
15020
15021
15022
15023
15032
15035
15038
15041
15044
15045
15046
15050
15051
15052
15053
15062
15063
15064
15065
15070
15071
15072
15073
15082
15083
15084
15085
15090
15091
15092
15093
15130
15136
15138
15140
15143
15146
15147
15148
15149
15150
15151
15152
15153
15166
15169
15351
15353
15356
15357
15360
15361
15362
15363
15368
15374
15376
15379
15384
15385
15388
15389
15394
15395
15400
15405
15408
15411
15414
15417
15418
15419
15423
15424
15425
15426
15435
15436
15437
15438
15443
15444
15445
15446
15455
15458
15461
15464
15467
15468
15469
15473
15474
15475
15476
15485
15486
15487
15488
15493
15494
15495
15496
15529
15530
15531
15532
15537
15538
15539
15540
15545
15546
15547
15548
15553
15557
15559
15563
15566
15569
15570
15571
15572
15573
15574
15575
15576
15595
15598
15599
15602
15603
15604
15607
15613
15615
15618
15623
15624
15627
15628
15633
15634
15639
15644
15647
15650
15653
15656
15657
15658
15662
15663
15664
15665
15674
15675
15676
15677
15682
15683
15684
15685
15694
15697
15700
15703
15706
15707
15708
15712
15713
15714
15715
15724
15725
15726
15727
15732
15733
15734
15735
15744
15745
15746
15747
15752
15753
15754
15755
15768
15769
15770
15771
15776
15777
15778
15779
15784
15785
15786
15787
15792
15796
15799
15802
15805
15808
15811
15814
15882
15885
15887
15888
15891
15892
15893
15896
15899
15900
15901
15930
15935
15937
15940
15942
15948
15950
15953
15958
15959
15962
15963
15968
15969
15974
15979
15982
15985
15988
15991
15992
15993
15997
15998
15999
16000
16009
16010
16011
16012
16017
16018
16019
16020
16029
16032
16035
16038
16041
16042
16043
16047
16048
16049
16050
16059
16060
16061
16062
16067
16068
16069
16070
16079
16080
16081
16082
16087
16088
16089
16090
16091
16092
16093
16094
16103
16104
16105
16106
16111
16112
16113
16114
16119
16120
16121
16122
16127
16131
16133
16137
16140
16143
16144
16145
16146
16147
16148
16149
16150
16160
16161
16162
16163
16164
16165
16166
16167
16168
16169
16170
16171
16172
16173
16174
16175
16176
16177
16178
16179
16182
16183
16184
16186
16189
16190
16193
16194
16195
16196
16197
16198
16199
16200
16201
16202
16208
16210
16213
16218
16219
16222
16223
16228
16229
16234
16239
16242
16245
16248
16251
16252
16253
16257
16258
16259
16260
16269
16270
16271
16272
16277
16278
16279
16280
16289
16292
16295
16298
16301
16302
16303
16307
16308
16309
16310
16319
16320
16321
16322
16327
16328
16329
16330
16339
16340
16341
16342
16347
16348
16349
16350
16363
16364
16365
16366
16371
16372
16373
16374
16387
16393
16394
16398
16412
16413
16415
16416
16422
16425
16428
16431
16438
16441
16444
16445
16446
16447
16448
16451
16457
16459
16462
16467
16468
16471
16472
16477
16478
16483
16488
16491
16494
16497
16500
16501
16502
16506
16507
16508
16509
16518
16519
16520
16521
16526
16527
16528
16529
16538
16541
16544
16547
16550
16551
16552
16556
16557
16558
16559
16568
16569
16570
16571
16576
16577
16578
16579
16588
16589
16590
16591
16596
16597
16598
16599
16600
16601
16602
16603
16612
16613
16614
16615
16620
16621
16622
16623
16624
16625
16626
16627
16636
16640
16642
16646
16649
16652
16655
16707
16709
16712
16714
16717
16721
16724
16727
16732
16733
16736
16737
16742
16743
16748
16753
16756
16759
16762
16765
16766
16767
16771
16772
16773
16774
16783
16784
16785
16786
16791
16792
16793
16794
16803
16806
16809
16812
16815
16816
16817
16821
16822
16823
16824
16833
16834
16835
16836
16841
16842
16843
16844
16853
16854
16855
16856
16861
16862
16863
16864
16865
16866
16867
16868
16877
16878
16879
16880
16885
16886
16887
16888
16889
16890
16891
16892
16901
16905
16907
16911
16914
16917
16918
16919
16920
16925
16926
16927
16928
16933
16935
16936
16937
16944
16946
16947
16950
16952
16957
16962
16964
16967
16972
16973
16976
16977
16982
16983
16988
16993
16996
16999
17002
17005
17006
17007
17011
17012
17013
17014
17023
17024
17025
17026
17031
17032
17033
17034
17043
17046
17049
17052
17055
17056
17057
17061
17062
17063
17064
17073
17074
17075
17076
17081
17082
17083
17084
17117
17118
17119
17120
17125
17126
17127
17128
17129
17130
17131
17132
17141
17145
17147
17151
17154
17157
17158
17159
17160
17165
17166
17167
17168
17173
17176
17179
17180
17181
17185
17186
17190
17193
17197
17198
17202
17205
17209
17210
17214
17217
17218
17224
17228
17231
17237
17238
17240
17242
17245
17246
17249
17250
17251
17252
17253
17254
17255
17256
17257
17258
17259
17260
17261
17262
17263
17264
17265
17270
17272
17275
17280
17281
17284
17285
17290
17291
17296
17301
17304
17307
17310
17313
17314
17315
17319
17320
17321
17322
17331
17332
17333
17334
17339
17340
17341
17342
17351
17354
17357
17360
17363
17364
17365
17369
17370
17371
17372
17381
17382
17383
17384
17389
17390
17391
17392
17401
17402
17403
17404
17409
17410
17411
17412
17413
17414
17415
17416
17425
17426
17427
17428
17433
17434
17435
17436
17437
17438
17439
17440
17449
17453
17455
17459
17462
17465
17468
17472
17477
17479
17482
17487
17488
17491
17492
17497
17498
17503
17508
17511
17514
17517
17520
17521
17522
17526
17527
17528
17529
17538
17539
17540
17541
17546
17547
17548
17549
17558
17561
17564
17567
17570
17571
17572
17576
17577
17578
17579
17588
17589
17590
17591
17596
17597
17598
17599
17608
17609
17610
17611
17616
17617
17618
17619
17620
17621
17622
17623
17632
17633
17634
17635
17640
17641
17642
17643
17644
17645
17646
17647
17656
17660
17662
17666
17669
17672
17673
17674
17675
17676
17677
17678
17679
17688
17691
17694
17695
17699
17703
17706
17709
17712
17717
17720
17722
17725
17730
17732
17735
17737
17740
17744
17747
17750
17755
17756
17759
17760
17765
17766
17771
17776
17779
17782
17785
17788
17789
17790
17794
17795
17796
17797
17806
17807
17808
17809
17814
17815
17816
17817
17826
17829
17832
17835
17838
17839
17840
17844
17845
17846
17847
17856
17857
17858
17859
17864
17865
17866
17867
17876
17877
17878
17879
17884
17885
17886
17887
17888
17889
17890
17891
17900
17901
17902
17903
17908
17909
17910
17911
17912
17913
17914
17915
17924
17928
17930
17934
17937
17940
17941
17942
17943
17944
17945
17946
17947
17958
17961
17964
17967
17970
17976
17977
17983
17984
17990
18003
18007
18010
18013
18018
18019
18022
18023
18028
18029
18034
18039
18042
18045
18048
18051
18052
18053
18057
18058
18059
18060
18069
18070
18071
18072
18077
18078
18079
18080
18089
18092
18095
18098
18101
18102
18103
18107
18108
18109
18110
18119
18120
18121
18122
18127
18128
18129
18130
18139
18140
18141
18142
18147
18148
18149
18150
18151
18152
18153
18154
18163
18164
18165
18166
18171
18172
18173
18174
18175
18176
18177
18178
18187
18191
18193
18197
18200
18203
18204
18205
18206
18207
18208
18209
18210
18220
18223
18225
18228
18230
18233
18234
18235
18239
18242
18245
18250
18251
18254
18255
18260
18261
18266
18271
18274
18277
18280
18283
18284
18285
18289
18290
18291
18292
18305
18306
18307
18308
18309
18310
18311
18312
18321
18324
18327
18330
18333
18334
18335
18339
18340
18341
18342
18351
18352
18353
18354
18359
18360
18361
18362
18371
18372
18373
18374
18379
18380
18381
18382
18383
18384
18385
18386
18431
18435
18437
18441
18444
18447
18450
18453
18456
18457
18460
18466
18467
18473
18474
18480
18481
18483
18484
18486
18491
18493
18497
18500
18503
18508
18509
18512
18513
18518
18519
18524
18529
18532
18535
18538
18541
18542
18543
18547
18548
18549
18550
18559
18560
18561
18562
18567
18568
18569
18570
18579
18582
18585
18588
18591
18592
18593
18597
18598
18599
18600
18609
18610
18611
18612
18617
18618
18619
18620
18629
18630
18631
18632
18637
18638
18639
18640
18641
18642
18643
18644
18653
18654
18655
18656
18661
18662
18663
18664
18665
18666
18667
18668
18677
18681
18683
18687
18690
18693
18696
18700
18703
18707
18710
18714
18717
18719
18720
18770
18771
18775
18778
18781
18786
18787
18790
18791
18796
18797
18802
18807
18810
18813
18816
18819
18820
18821
18825
18826
18827
18828
18837
18838
18839
18840
18845
18846
18847
18848
18857
18860
18863
18866
18869
18870
18871
18875
18876
18877
18878
18887
18888
18889
18890
18895
18896
18897
18898
18907
18908
18909
18910
18915
18916
18917
18918
18919
18920
18921
18922
18931
18932
18933
18934
18939
18940
18941
18942
18943
18944
18945
18946
18955
18958
18960
18964
18967
18970
18971
18972
18973
18974
18975
18976
18977
18988
18991
18994
18996
18998
19000
19004
19005
19006
19007
19008
19009
19010
19011
19012
19013
19014
19015
19016
19017
19018
19019
19020
19025
19028
19031
19036
19037
19040
19041
19046
19047
19052
19057
19060
19063
19066
19069
19070
19071
19075
19076
19077
19078
19087
19088
19089
19090
19095
19096
19097
19098
19107
19110
19113
19116
19119
19120
19121
19125
19126
19127
19128
19137
19138
19139
19140
19145
19146
19147
19148
19157
19158
19159
19160
19165
19166
19167
19168
19169
19170
19171
19172
19181
19182
19183
19184
19189
19190
19191
19192
19193
19194
19195
19196
19205
19208
19212
19215
19218
19221
19222
19223
19224
19229
19232
19235
19243
19244
19249
19251
19254
19258
19264
19265
19271
19272
19278
19279
19281
19284
19286
19288
19289
19290
19291
19295
19298
19301
19306
19307
19310
19311
19316
19317
19322
19326
19329
19332
19335
19338
19339
19340
19344
19345
19346
19347
19356
19357
19358
19359
19364
19365
19366
19367
19376
19379
19382
19385
19388
19389
19390
19394
19395
19396
19397
19406
19407
19408
19409
19414
19415
19416
19417
19426
19427
19428
19429
19434
19435
19436
19437
19438
19439
19440
19441
19450
19451
19452
19453
19458
19459
19460
19461
19462
19463
19464
19465
19474
19478
19480
19484
19487
19490
19491
19492
19493
19494
19495
19496
19497
19507
19510
19541
19542
19547
19549
19552
19554
19556
19558
19560
19564
19567
19571
19574
19578
19580
19582
19586
19590
19592
19594
19598
19602
19604
19606
19610
19611
19612
19616
19619
19622
19627
19628
19631
19632
19637
19638
19643
19647
19650
19653
19656
19659
19660
19661
19665
19666
19667
19668
19677
19678
19679
19680
19685
19686
19687
19688
19697
19698
19701
19704
19707
19710
19711
19712
19716
19717
19718
19719
19728
19729
19730
19731
19736
19737
19738
19739
19748
19749
19750
19751
19756
19757
19758
19759
19760
19761
19762
19763
19772
19773
19774
19775
19780
19781
19782
19783
19784
19785
19786
19787
19796
19800
19802
19806
19809
19812
19813
19814
19815
19816
19817
19818
19819
19829
19832
19834
19837
19839
19842
19843
19847
19850
19853
19858
19859
19862
19863
19868
19869
19874
19878
19881
19884
19887
19890
19891
19892
19896
19897
19898
19899
19908
19909
19910
19911
19916
19917
19918
19919
19928
19931
19934
19937
19940
19941
19942
19946
19947
19948
19949
19958
19959
19960
19961
19966
19967
19968
19969
19978
19979
19980
19981
19986
19987
19988
19989
19990
19991
19992
19993
20002
20003
20004
20005
20010
20011
20012
20013
20014
20015
20016
20017
20026
20030
20032
20036
20039
20042
20048
20058
20059
20060
20062
20065
20067
20070
20076
20077
20083
20084
20090
20127
20131
20134
20137
20142
20143
20146
20147
20152
20153
20158
20162
20165
20168
20171
20174
20175
20176
20180
20181
20182
20183
20192
20193
20194
20195
20200
20201
20202
20203
20212
20215
20218
20221
20224
20225
20226
20230
20231
20232
20233
20242
20243
20244
20245
20250
20251
20252
20253
20262
20263
20264
20265
20270
20271
20272
20273
20274
20275
20276
20277
20286
20287
20288
20289
20294
20295
20296
20297
20298
20299
20300
20301
20310
20314
20316
20320
20323
20326
20327
20328
20329
20330
20331
20332
20333
20343
20349
20350
20360
20362
20365
20367
20375
20380
20383
20386
20391
20392
20395
20396
20401
20402
20407
20411
20414
20417
20420
20423
20424
20425
20429
20430
20431
20432
20441
20442
20443
20444
20449
20450
20451
20452
20461
20464
20467
20470
20473
20474
20475
20479
20480
20481
20482
20491
20492
20493
20494
20499
20500
20501
20502
20511
20512
20513
20514
20519
20520
20521
20522
20523
20524
20525
20526
20535
20536
20537
20538
20543
20544
20545
20546
20547
20548
20549
20550
20559
20562
20565
20568
20571
20574
20587
20588
20594
20595
20601
20602
20608
20897
20898
20899
20900
20901
20902
20903
20904
20905
20906
20907
20908
20909
20910
20911
20912
20913
20914
20916
20917
20919
20922
20926
20929
20932
20937
20938
20941
20942
20947
20948
20953
20957
20960
20963
20966
20969
20970
20971
20975
20976
20977
20978
20987
20988
20989
20990
20995
20996
20997
20998
21007
21010
21013
21016
21019
21020
21021
21025
21026
21027
21028
21037
21038
21039
21040
21045
21046
21047
21048
21057
21058
21059
21060
21065
21066
21067
21068
21069
21070
21071
21072
21081
21082
21083
21084
21089
21090
21091
21092
21093
21094
21095
21096
21105
21109
21111
21115
21118
21121
21122
21123
21124
21125
21126
21127
21128
21137
21140
21141
21142
21145
21148
21151
21153
21156
21159
21161
21166
21170
21173
21176
21181
21182
21185
21186
21191
21192
21197
21201
21204
21207
21210
21213
21214
21215
21219
21220
21221
21222
21231
21232
21233
21234
21239
21240
21241
21242
21251
21254
21257
21260
21263
21264
21265
21269
21270
21271
21272
21281
21282
21283
21284
21289
21290
21291
21292
21301
21302
21303
21304
21309
21310
21311
21312
21313
21314
21315
21316
21325
21326
21327
21328
21333
21334
21335
21336
21337
21338
21339
21340
21349
21353
21355
21359
21362
21385
21386
21387
21388
21389
21390
21399
21405
21406
21412
21413
21419
21420
21421
21472
21475
21476
21478
21481
21483
21488
21492
21495
21498
21503
21504
21507
21508
21513
21514
21519
21523
21526
21529
21532
21535
21536
21537
21541
21542
21543
21544
21553
21554
21555
21556
21561
21562
21563
21564
21573
21576
21579
21582
21585
21586
21587
21591
21592
21593
21594
21603
21604
21605
21606
21611
21612
21613
21614
21623
21624
21625
21626
21631
21632
21633
21634
21635
21636
21637
21638
21647
21648
21649
21650
21655
21656
21657
21658
21659
21660
21661
21662
21671
21675
21677
21681
21684
21710
21715
21717
21719
21721
21724
21931
21932
21934
22212
22215
22217
22221
22266
22268
22270
22272
